64 1 10
64 2 10
64 3 10
64 4 10
64 5 10
64 6 10
64 7 10
64 8 10
64 9 10
64 10 10
64 11 10
64 12 10
64 13 10
64 14 10
64 15 10
64 16 10
64 17 10
64 18 10
128 8 10
128 9 10
128 10 10
128 11 10
128 12 10
128 13 10
128 14 10
128 15 10
128 16 10
128 17 10
128 18 10
128 19 10
128 20 10
128 21 10
128 22 10
128 23 10
128 24 10
128 25 10
128 26 10
128 27 10
128 28 10
256 24 10
256 25 10
256 26 10
256 27 10
256 28 10
256 29 10
256 30 10
256 31 10
256 32 10
256 33 10
256 34 10
256 35 10
256 36 10
256 37 10
256 38 10
512 32 10
512 33 10
512 34 10
512 35 10
512 36 10
512 37 10
512 38 10
512 39 10
512 40 10
512 41 10
512 42 10
512 43 10
512 44 10
512 45 10
512 46 10
512 47 10
512 48 10
512 49 10
512 50 10
512 51 10
512 52 10
512 53 10
512 54 10
512 55 10
512 56 10
512 57 10
512 58 10
512 59 10
512 60 10
512 61 10
512 62 10
512 63 10
512 64 10
512 65 10
