.07619244557637829290
.07453387103214924036
.07179009252294773599
.07072043947331049164
.08292490890634800028
.06800949838800877805
.07649611885253572393
.07987737381251405484
.08625730344573294269
.07738946339956005350
.07477320239610725045
.08009330937974007867
.08439789993774635358
.07813008962714514464
.08062428982996240400
.08017670116322512877
.08128767521646735300
.07967133806906839076
.08348807419741587108
.07533697861599186154
.07961175862469037712
.08689647383550164004
.08425083270986196286
.07511803005891964126
.07559767860378994690
.07324569985256066093
.07634635798395934191
.07713856604232148286
.07579310640141766588
.08217595183126190513
.07417175686077226624
.07888247623445248643
.07603804720269301866
.08095791250288594443
.08118009620573772127
.07505550704842460620
.07435809014987805584
.07307275145843981777
.07498927681079162435
.07662127595149247411
.08246622632768855471
.07618890496619036620
.07098530488485907900
.07782502787640421295
.08285626272293972727
.08158018515697343865
.08311363037173741103
.07500989565835660926
.07482211835568397897
.07735147473495547524
.07854039775131542694
.07693750103788475117
.07939043577608037069
.08413504781434384218
.07810494435243794755
.07932610774862678476
.08075880524761194868
.07689370854952114011
.07656071069016017499
.07376200412643538420
.07711158798116406488
.07813053393901186485
.07740009911486966862
.08210459812241580582
.07816475983749515631
.07451620963544711187
.08155333205852853574
.07787120854105144515
.07914742495447608384
.08197755269802549473
.07748193580682119797
.07705292493001116167
.08519127431475863508
.08013082596298626671
.08076294290187078067
.08401561123067111475
.08037119868288190230
.07699771918057117513
.08435828675787907953
.08087975526858069184
.10343898217926195467
.07456545882892388055
.08018283822088420172
.07916033776810264005
.08283336677705780126
.07722331853089836361
.07629927481083283427
.08614032446207301144
.08265239299984432423
.07660065710392748920
.08034608117766637522
.07943518631190659721
.07987187545316339220
.07643638667595352521
.08248063869386529164
.08042776513741371950
.07888383693954431709
.08157221531286414482
.07911915561195601024
.07906868456084576097
.08089093248897787222
.08147324484455221723
.08486569090967356352
.08206277726796076571
.07732955072128199969
.07922935883964845823
.08703201672434297522
.07831667284167596436
.07981229600878537855
.07287360254892831701
.07803417380291691852
.07949212765457595959
.08453526172829207463
.08209430952575206587
.07742030142005960333
.07869085285718355929
.07642100237756833781
.08127666461302019270
.08348610256350730013
.07848170693067085372
.08234748398130757762
.08427252068285624329
.07970298140482637098
.08839040306361918341
.08145548625462924369
.08064246496226042774
.07442023827223554572
.08289763926552804716
.07733157789417391067
.07499340058030462133
.08562197913056054219
.08375045423945999225
.07461466636816314421
.08160415022828466018
.08627552023226847145
.08067041495562629618
.08806259809920051079
.08196389010812384816
.08267956544744343230
.07788099728686512486
.07641891966569308681
.08237439261873582056
.07824168132942109330
.08078172896298554471
.08231338304553680122
.07651153092041258134
.07809307289474901684
.08344475379041065025
.07666790092800642653
.07418110129471922573
.08566965934775795512
