.07641902636842531134
.07841572591978965417
.06988482434303830309
.07085367519013361694
.08873789332516606383
.07571037199176812189
.07830663320930181516
.07680324662874079763
.07843421201808144441
.07409742900260157829
.07226478584527491232
.07199308966151814919
.99999998454339607710
.08430623767480742811
.07630209715974856125
.08028657780201373273
.07677792871151508492
.07220544794281489334
.08264746585500948147
.07824939740497531079
.07512223275589779568
.07972877987964406224
.07488297998377520287
.08000968819933887469
.08114730970466835036
.07889817289803517970
.06968260559391498235
.07882558868601323410
.07064770048625703112
.06980707762530610839
.07363971259063269522
.07922713579932629301
.07287733105873950004
.07150223429073856523
.07261124562220675017
.07617921715856149407
.07249584661731836733
.06895628431897391644
.07096862595350823563
.07511192320108122036
.07544206080427047419
.07364451959445271760
.07226200365656879005
.07336523421816980981
.07949266479811781843
.07486772431570329905
.07943338872207349106
.08261395593770463095
.07135581388177691901
.07167870233772633202
.07763637303678911312
.07152075130223820126
.07265205105656321021
.08178919155237860519
.07941467077472285730
.08187053965882483595
.08160921485630033975
.07074765834382643533
.07524097038723352526
.07249122509274541977
.07380304252428599571
.07601381603998252477
.07294254247069022161
.06965676215215589098
.07258206355400031207
.07261072009767337151
.07705752321987645073
.07725848998408201645
.07582386983437398784
.07649202790875317527
.08132659085357008523
.07819577844596676537
.08085876582263562456
.07019805242153590264
.07713814486593830513
.08197207408999437612
.07570069615771238553
.08109467996831087064
.07853041392089758354
.07827352516369896008
.07313346244234590133
.07210380531541789286
.07805866291256670588
.07279443729190097913
.08293509779741075609
.07484795531928590800
.07706893019357155206
.07165618206581066449
.08464734946678194202
.07414120210491123543
.07456876268262653762
.08059833750313865664
.07766005255399899826
.08098665376349371183
.07814389062659758493
.07884798530509751842
.07386777478151510733
.07418233212795007641
.07829888945073644149
.07260991635426938063
.07150459915113876916
.07322682033004022659
.07210695846261816478
.07716828524358796311
.07371767570081981055
.08063255842422396063
.07346876255124540427
.07999699832751817253
.07746364548795068849
.08012871950614913939
.08341448436807954711
.07796756168904512425
.07350111322325603718
.07243766796015256596
.07450178921782860528
.07808656208264754314
.07854611783048325150
.07138596971603049990
.07726219956902351282
.07646909030853158940
.07627378066136180564
.08111444896472826170
.07608406630481211223
.07276122105007066373
.07282272287707988893
.07803985222559253471
.07811118445269672528
.08159491749767165583
.07319819469957501295
.07805333038421330485
.07474858481266557404
.07803566348592942840
.07129253454531656014
.08732614894926392948
.07419152880728420282
.08194731261050988787
.07490602578022424905
.08016477976310126866
.07620478238144997320
.07829578267334793828
.07634152695635588306
.07739222052122296051
.08140373476374928678
.07731733327521650259
.07647646310860281343
.07288770243997176697
.07603237942129392951
.07461162384530474357
.07274018461213159475
.08033266939491182510
.08067447673406286959
.08014691192896639449
.07177688268584460256
