.25602250544804144459
.25007752282399637278
.24648426102352872523
.25221762982982854674
.25309053080449825615
.25714021229712692584
.25840258986708383544
.25605126418703820311
.25473143660261759460
.25486024375633464475
.25810922952649324139
.26022141626862782506
.99999999036235288313
.25561730985030661934
.25598411869957492676
.26100278850862856137
.25550639980728560826
.25913697857738980038
.25366635130679025729
.25378532806044809373
.25921641206492709385
.26092538856463292877
.25560743126201182125
.26252174915777806552
.25100759432136339168
.25701405549636701664
.25135054999401743056
.25044749282151901559
.25262147615696700933
.25176689634946648155
.24678140895943625162
.25034315565383171406
.24864643824125854565
.25538341379242715132
.25059904482243189352
.25109255018069865521
.25037993291522971356
.24843454493174690595
.25938694059301310099
.25731222502286893191
.25595253612997292352
.25004961219794589936
.26192998798715475117
.25271354459987452748
.25849735685118407892
.25187256351245591199
.25545491549638725570
.25296217662019569918
.24958674491986368705
.25033854885850984725
.25071460984901035580
.25181201981326769582
.25668757056263571916
.25436085943332658859
.25333551015656213177
.25402792691367410094
.26048063042548332680
.24803705945170558164
.25053791322676954791
.26017067405655747197
.25354552412488598062
.25389889809407336264
.25588456180485759582
.24954841599727987048
.25229505868676552998
.24707132866000612087
.25467656947758121851
.25637619745958368353
.24935766768554265712
.25019454313528948336
.25135969612113134605
.25095261154456161307
.25634846994882843076
.25606419790946905094
.25203713597462368964
.25050854731600442619
.25259944449565783038
.25367553598449264029
.25684345950475119137
.25200697013914786720
.25512457550380920775
.25398285163810847105
.25233404296935329413
.25574029586516507628
.25651244487687496209
.25370272378700934799
.25336484715438590286
.25585337437878738450
.25280202783805456769
.24887252780497334396
.25565176443874945168
.24823261694935411622
.25148687451248564413
.25430412260474953852
.25553071559096148686
.25625604491297758819
.25767730873330331849
.25387526658334278225
.25035903849628032601
.24972793645012592309
.25006248809449404594
.25357858125449686591
.25041426221426002652
.25951059160552262238
.25815616486795242839
.25671887364047133299
.26449471044966225589
.25368293769747840119
.25351700632706714400
.25553244072979540770
.25267244967256816744
.25278541253442507315
.25603663423871478507
.25406322961506321839
.25463523360909693657
.25378043213571272063
.25488159114469852549
.25547125130825036083
.25342284651473526372
.25426771157394198031
.26473062077578915103
.25374353922254931862
.25534557638984629544
.24852321128522216681
.25528237270005382145
.25211016042682826046
.25162527112508398608
.25999133671900664001
.25348581890099693268
.25473229435321099658
.25793435441955752310
.25477617456053413383
.25315700165666335116
.25690756913337265173
.25638353170903962630
.25516403203110569883
.25725172951191630012
.25237456927547975846
.25367033165504952715
.25579735073609698326
.25429579567764055750
.25943611186860340326
.25600815499148441595
.25461920620194157148
.25621877613157662800
.25584166463754037994
.25626596205186085378
.25509018837889619353
.25379889786758865540
.25039340634589910647
.25136494863881004357
