.15146844241633518440
.15497502803523383531
.15699597288823092757
.15448886516945577860
.21932683166626671383
.15411639864113259058
.15442467653753088829
.17314861364896937041
.15285425935011979777
.15608546442016587141
.15751459116471021765
.15428229742097406611
.99999998922105257349
.15857698578096228127
.16136478806967127886
.16518663634290060851
.16180380381940576375
.16323144306920525107
.15665199511795601580
.15462691114914714220
.15827578965302320319
.15443074508493201562
.16199622958886389000
.15999407244123121148
.15334923939489274285
.15035657243139542195
.15373405859696671581
.14836030058905762002
.15194309336626172425
.15080341369696155593
.15100128283487007170
.14988640552359831188
.15477441026573155849
.15776538493448291670
.15910437812064675367
.15078599491792030946
.15122409445712354066
.15047851466363157377
.15450118550636428400
.15082849630762305379
.15438171165308880386
.15686960050860247854
.15502176555127519961
.15493447763501529000
.15429846584211383696
.15548489380640279610
.15716057819438122143
.15650598349611645843
.15528201245794095136
.15216757572536630286
.15554692664884238363
.15346688082710571562
.16117144608968189893
.15752621087003599964
.16257993114990447104
.15235476292637514336
.16104373712057256217
.15490417801379935941
.15420460276792375387
.15625789524214781436
.15735353213226324687
.15632628766356904510
.15477683552890252412
.15686732615069548410
.15307833210922216885
.15139595399489187838
.15110719677228299735
.15152345816400011137
.15617100614694268577
.16189783935675467106
.15332051350000108329
.15789520657728785019
.15405403165132278112
.15733390366899956504
.15380964057632143132
.15718987537348648623
.15522575713132197528
.15239380427395397672
.15974763336621882404
.15918513399476619585
.15794387352491856048
.15371209110211148047
.16319676719533415584
.15859264759157300597
.15827589744249746833
.15648467351705424043
.15293585598213850804
.15518510972057659134
.15151802557449714836
.14939721377359340476
.14920129562516908801
.15559816976490803074
.15346492983762151660
.15930294789013799284
.15962710317609554554
.15462375291755117362
.15510454786751082641
.15328350937348586105
.15156436426948373165
.15587711814535878411
.15061369344330748467
.15258922659079667384
.16135298512223924614
.15607012597797794212
.15985569231416962595
.15443244815862540482
.15310038583565681630
.15432631864226394890
.15720036328933248426
.16372669258766385900
.16013303463145382876
.15437095426355714298
.15595333608261166394
.16235978192766535103
.15978337635588514415
.15421791476799549854
.15988062401956715262
.15441425329536944934
.15349917455359555128
.15630262787396784707
.15611856656771269561
.15868459201312116959
.15794121112490421154
.16060887126559728514
.15761349878629590925
.15565434963889502122
.15794464960913326948
.16079022705604838161
.15588749827173051701
.15697428564600878159
.15437193514777295575
.15896282898304177305
.15891671664595114656
.15525186374198899196
.15864296371815997289
.15918461660528972318
.15862714022333785047
.14912370876159304091
.15607273448325515848
.15624826964209593744
.15306967661443867818
.16014396448414431386
.15476808302359219483
.16459284568706881044
.15074157487557564565
.15662889583362099650
.15471137498118130517
.16105666107853695234
.15782923941903758508
.14840061385243278203
.15771345196578197270
