.27844564247272727273
.27464216203636363637
.27661794210909090910
.27967748654545454546
.27810741527272727273
.28282718952727272728
.28189949207272727273
.28183751214545454546
.28203585163636363637
.27904348160000000000
.27991444945454545455
.28228889134545454546
.99999999069090909091
.29029416960000000000
.28272553425454545455
.28041012130909090910
.28523853265454545455
.28120358167272727273
.27805615941818181819
.28348946618181818182
.28378547665454545455
.28212482792727272728
.28005686923636363637
.28627932625454545455
.28208268567272727273
.27607994181818181819
.27503488465454545455
.27796061090909090910
.27903752378181818182
.28621031796363636364
.27617509934545454546
.27701309440000000000
.27905515520000000000
.27736799418181818182
.28042449454545454546
.27790034385454545455
.27750660654545454546
.28223625774545454546
.27785831330909090910
.27737303040000000000
.28232846429090909091
.27904413323636363637
.28278835200000000000
.27555599825454545455
.28174062312727272728
.28229291287272727273
.28603939374545454546
.27952223883636363637
.27727953920000000000
.28489135941818181819
.27978106880000000000
.28027282152727272728
.28312622545454545455
.27687732130909090910
.27976696552727272728
.27986751301818181819
.28127600640000000000
.28117525410909090910
.28015053730909090910
.28612925440000000000
.28176801047272727273
.27891111563636363637
.28193351680000000000
.27723034065454545455
.27793469440000000000
.27171506734545454546
.28184262283636363637
.28280940916363636364
.28095110050909090910
.27951804043636363637
.27699896320000000000
.27952243432727272728
.27846463301818181819
.28046008320000000000
.28147725963636363637
.27969928843636363637
.27620159301818181819
.28031348363636363637
.28428930327272727273
.28446814952727272728
.28158608290909090910
.27679308334545454546
.28487896901818181819
.28279165672727272728
.28126720000000000000
.27825397760000000000
.28965909410909090910
.27972727156363636364
.27544765905454545455
.27323086661818181819
.27938579549090909091
.27847350458181818182
.27949280349090909091
.27933194240000000000
.28407697221818181819
.28494755840000000000
.28429084858181818182
.27915130880000000000
.27628525381818181819
.28119806138181818182
.27710458414545454546
.27777557410909090910
.27813270807272727273
.28251072698181818182
.28213177250909090910
.28053605469090909091
.29415060945454545455
.27736464290909090910
.28018160174545454546
.28125197032727272728
.28255414458181818182
.27998419316363636364
.27966154007272727273
.28097916741818181819
.28246856610909090910
.28441972363636363637
.28348353629090909091
.27892190487272727273
.28052595432727272728
.27900833047272727273
.27871819403636363637
.28182283170909090910
.28016466850909090910
.28208655825454545455
.27892727621818181819
.27772623592727272728
.27757051345454545455
.28086967389090909091
.27717436509090909091
.28070283636363636364
.28021012480000000000
.28138921425454545455
.28006307840000000000
.28159543854545454546
.27706214400000000000
.28173108130909090910
.27955325672727272728
.28012173498181818182
.28373746036363636364
.28262494021818181819
.28516167680000000000
.27903907840000000000
.28580900305454545455
.28245607330909090910
.27724582167272727273
.27851264930909090910
.27848891112727272728
.27811601687272727273
.28031818472727272728
.28088467083636363637
.27897154094545454546
