.07408871564870784659
.07363736988449931993
.06548310322256060756
.06924766159777470506
.08093229574464218540
.06846706430634749766
.08219540183707773772
.06991261794202147097
.07965014743175867545
.06686320444993453339
.07141917690027191255
.07517840211629119137
.99999998328163261813
.08296802446726378991
.07565445762749013186
.08011679050212161934
.07545017589645097984
.08560624971359346879
.08049684914781382353
.08279636027098667943
.09583543295129690478
.07893876418129243780
.07391716848100240924
.07812986269388771306
.07254838558834601397
.07333346340223156434
.07300009915663694192
.07411671891407249014
.06906344190759380513
.06809578280353077876
.06922821813650958240
.07386719728089797963
.07913440251639515955
.07469763202549056163
.07215456772629852521
.07815290060413993923
.07265361099264754624
.06911575367913169749
.07779668235033429128
.07835823559232414949
.07261579404562974103
.07154946313727887807
.07769473374603960685
.07916386027972202639
.07249624100048194038
.07080079792755105527
.07526866458178594395
.07986666700772136126
.07431230709407306626
.07358082836601381275
.06997638179521594890
.07287568106658101513
.07480437880122384468
.07516419150401659613
.07202632113011214865
.07367948345193426746
.08389139661613222477
.07241228135949015534
.08133619478222094584
.07736585002290332740
.06563236480654600319
.07593370451786961924
.07010195345262122518
.07832956359226423086
.07616170961222365438
.07603730824053510947
.07124027365091844943
.06865318989040993153
.07791565025262372625
.07408754536299111521
.07344532599838370168
.07875011412375534054
.08281266067918400926
.07270254565397429949
.07576165579914272559
.07374500273370384245
.07284670813590822272
.07089880099714361678
.08002259922029212572
.08935546062755100344
.07163150016602174729
.07689507751579705996
.07577656858284735966
.07776963203191041470
.07202018548928299988
.07235430206140980676
.07329633190827641607
.07822753139613263705
.08258957078484024589
.07351646265159358726
.07105053689950153018
.07730161805542215692
.07800166625280348213
.07171902081926587208
.07393137909327700448
.07670806585826338661
.07367781161519607979
.07580978797883514876
.07525574128379975322
.07280365833989989009
.07147683854937200546
.07836881831887687747
.07594370210156398154
.08161816676648367913
.07790411457913023129
.07474434314395552527
.07469881902957467487
.07306765807922710587
.07069797996815251324
.07732505720649154813
.07260728439663236576
.07782134194222255949
.07192843508909126027
.07118618973243807814
.07428012423686295351
.07933754739845234396
.07406933906091225143
.07368633798256083693
.07273073282138014370
.07510362085899205666
.07862992578064702858
.07258095296800590988
.08144608461102202172
.08246896448254738701
.07633802151463292660
.07481053116042037533
.07368242588459347777
.07508823996100073005
.07772272029303686854
.07241938666562745296
.07905595993663939383
.07667797279697600846
.08004799442034519651
.07761894938669755954
.07515688557747071599
.07877860222177405853
.07355379476595731805
.07318388416926591304
.07349656779440915393
.07175824210914375494
.07278568609496437258
.07981734782394482485
.07791839206487435403
.07605897524466202174
.07049219358404899231
.07331831656138358400
.07193651006053670674
.07729531523091918939
.06799229610943696167
.07269074248660269451
.07054126199231480058
.07288714986660498258
.07348488165560922208
