.07360581973333333334
.06774737920000000000
.06799182506666666667
.07473810773333333334
.08076390400000000000
.06789038080000000000
.07104496640000000000
.07254944426666666667
.07885131093333333334
.07096311466666666667
.07912000853333333334
.07273601706666666667
.07485202773333333334
.07706593280000000000
.07456551253333333334
.08119466666666666667
.08347690666666666667
.07805457066666666667
.07384453120000000000
.08550813013333333334
.08980162560000000000
.07664112640000000000
.07551557973333333334
.08165913600000000000
.06581840213333333334
.06811943253333333334
.06966765226666666667
.06883251200000000000
.07170669226666666667
.07119232000000000000
.06788205226666666667
.07626948266666666667
.07094207146666666667
.07037276160000000000
.07688297813333333334
.07387815253333333334
.07143908693333333334
.07698317653333333334
.07209811626666666667
.07477106346666666667
.07336818346666666667
.07210451626666666667
.06928196266666666667
.06741106346666666667
.07414502400000000000
.07037994666666666667
.07454720000000000000
.07062333440000000000
.07299792213333333334
.07647054506666666667
.06700404053333333334
.08915389440000000000
.07434385066666666667
.07235998720000000000
.07676086613333333334
.06829453653333333334
.07666300586666666667
.07480366080000000000
.09120261120000000000
.06871306240000000000
.07737579520000000000
.07298548053333333334
.06929930240000000000
.07660762453333333334
.07519010133333333334
.07218399573333333334
.07438595413333333334
.06906509653333333334
.07563799893333333334
.07319488853333333334
.07870856533333333334
.07552523946666666667
.07139261440000000000
.07848284160000000000
.06931358720000000000
.06887200426666666667
.06943972693333333334
.07686645760000000000
.07080678400000000000
.07505925120000000000
.07014970026666666667
.06874949973333333334
.07716423680000000000
.07390696106666666667
.06944455680000000000
.07245733546666666667
.07358738773333333334
.07959533226666666667
.08004519253333333334
.07251570346666666667
.07751343786666666667
.07283974826666666667
.07289958400000000000
.07934856533333333334
.08031892480000000000
.07863014400000000000
.07589905066666666667
.07050431146666666667
.07311685973333333334
.06767400960000000000
.06989829120000000000
.07698148693333333334
.08292000426666666667
.07660579840000000000
.07702546773333333334
.07801197226666666667
.07446572373333333334
.06642251093333333334
.07391725226666666667
.07440291840000000000
.07174637226666666667
.07485412693333333334
.07661349546666666667
.07250457600000000000
.07433425920000000000
.07759235413333333334
.07424517120000000000
.07360979626666666667
.07132337493333333334
.07575886506666666667
.08105886720000000000
.07052726613333333334
.07447579306666666667
.07034927786666666667
.07606533120000000000
.07455561386666666667
.07208029866666666667
.07511458133333333334
.07681570133333333334
.07505742506666666667
.07965893973333333334
.08062206293333333334
.07328298666666666667
.07352881493333333334
.07905396053333333334
.07277631146666666667
.07748881066666666667
.07800535040000000000
.07573050026666666667
.07742537386666666667
.08054545066666666667
.07661629440000000000
.08032737280000000000
.06894701226666666667
.07504583680000000000
.07107628373333333334
.08741951146666666667
.08703279786666666667
.07021733546666666667
.07661107200000000000
.07041437013333333334
