.21444106393529339441
.21012479015205899398
.20962197328228753166
.20834358639672078083
.22180423581620683639
.21665335904920128354
.21790656311992138350
.21594739069275324454
.21432740752033489544
.21942130437615730332
.21402588123847222518
.20827016180403536505
.99999998988641974031
.21395658298653276664
.21666791249119499061
.21823372732774239110
.22057602240230845302
.21829919253276342365
.21676532649625641276
.21075658551088239947
.21153251961556703715
.21272415220966608872
.21473717945171712563
.21912116365479021184
.20937689089185424232
.21231839536964695909
.20646318864619543849
.21003667052725623534
.21419862118930788655
.20973058302069644076
.21308923222988070840
.20992801022094602774
.21626007225364236295
.20784283269732229714
.21671572949866284816
.22413381812038645649
.20936384437331923042
.21210611131999587407
.21461625137255190297
.21266445174539308468
.21068962349598293144
.20924237016081998401
.21559122073674741980
.20559868991917661541
.21192600868273115172
.21387395503581102464
.21375753761344162780
.21395219369270005722
.21036143781655569423
.21213885909287677990
.22435489087128322007
.21116045111139296536
.21834861759949257337
.21123584785222902247
.21550131100823869442
.21985669400633735144
.20979595720349513603
.21361974008240322697
.21726889177096709281
.21421938436958104889
.21212350667804255660
.20991282973697621933
.21457497785151207077
.21539236752168121524
.21055701423161775627
.20621904681872630117
.20825697369537671737
.21317283108430738152
.20842344322645136527
.21563827922569579992
.21408159695212290776
.21150052024762534906
.20906078082725708589
.21220702462382715212
.21276848003194435007
.21216321259414213543
.20836400571526511340
.21927729710683944721
.21409891140152751269
.21537065366486364118
.21750613613669911532
.21632822767101247548
.21704624130154981617
.21564842314669627816
.21288153974566752679
.22103730279795333095
.21037748806842783677
.21552268100332743871
.20432919287065814013
.21216601405587407210
.21012367765823042707
.21330358956348503175
.21186790616413918014
.21169193998120067475
.21535320773891566016
.21951722157134028999
.21350128983040163061
.21252038379459367038
.21145094347719230386
.21076603159484495847
.20737724391648678738
.21119576773365983477
.21073799675036507244
.21204752334955143693
.22080753236803322611
.21516696615843330043
.21414810385591068932
.21173423497384673656
.21365186081330803145
.21335111327712535802
.21089581917031767757
.21791676772240341994
.21206160145327293814
.21292909380004863217
.21434493435492495405
.22363522872716354842
.21590559126553990798
.20847334363145272084
.21207866306317105059
.21311246312373723734
.21759230384051175202
.21121436660775742149
.21828001718459103408
.21645297868351586441
.21557552446018436673
.21710141088186647500
.21171399769974707858
.21351087750448782539
.21199130195688776939
.21400509783103854344
.21790202212238477859
.21352841445265814371
.21763343577142794844
.21692000359274825146
.21422768761897426188
.21732152284263856715
.21325434654120055662
.21045877091297503879
.20994112753454285753
.21394076534700659718
.21601889370518931748
.21555017982805356068
.21041748727835494689
.21421607722883612727
.21101452226182576642
.21693997791376115727
.21717128560788073638
.23973056694010382784
.21236246023883846826
.21280212791346836912
.20624955949036981348
