.31156827853498224879
.31080195254896173657
.31511217336815158926
.31010942579805240008
.31308378073303387596
.31342242198671547876
.31411222400717790167
.31829536197362804636
.31909672656850020873
.31182664709265428967
.31115612298532117364
.31358714351788363028
.99999999109565213427
.31540658672598410786
.31698482005474980755
.30995396478866460846
.31950750194424209562
.31530025990811941803
.31876995481052362490
.31416390484219060243
.32147427649212895274
.31648317580903813926
.31335854219512672700
.31720934318618420619
.31518812745544627181
.31973346758003074262
.31426416779915872968
.31761751849234929973
.31168801530073272900
.31087762169712471573
.31113419157652787902
.30798841904078322217
.31693272071538741745
.31191731116262315927
.30956428381301663750
.31820484037322502845
.31559980217032259749
.31514500369873253821
.31187839916244991628
.31380302052754040444
.32177632978043026824
.31326740619472097367
.31074402086174729289
.31536773705624592499
.31460527555719913988
.31523370881217094706
.31121577321167370335
.31548050171761753809
.31379128459705337143
.31551060731775157345
.31401064320672564628
.31712092301187750072
.31613406304226643720
.31642177142615606062
.31524209670786046535
.31562102123128663366
.32016449144281930104
.31037320819922680521
.32324416700435663919
.31999268205075002792
.31384271611032583173
.31861921310550467053
.31260730907873862825
.31236724786027852961
.30729012227245689221
.31326490407297070336
.31019712472018198137
.31046510106920114563
.31233805050362679877
.31261937447009669330
.31167554030937284034
.31797224990262427783
.31883517025429223627
.31169367846597533370
.31680506798438430268
.31546084982187787052
.31165644048320084807
.31562625698783168329
.31705542262897718597
.31399458866752373390
.31792991863287059427
.31468295708797977417
.31365056918773122978
.31573480989266280579
.31552212954388982893
.31716133094249218646
.31507189009840702375
.31518325677716371713
.31727628607343876931
.30904530280201039161
.31483715367997063204
.31451408613070619217
.31749451383093209637
.31797052245913832608
.31064131811346395543
.31733888363893485586
.31418029774661141258
.31383551249290245563
.30925506252468340881
.31554752474400289278
.31521318429034043789
.31445730310436642774
.31376702915346712111
.31452799472207246346
.31844755508734911483
.31033889974690014497
.31341245802145372615
.31769757748401008411
.31480551653200369100
.31629975514735195336
.31198266017160975660
.31613621789444994402
.31457784126142482371
.31540766415207586127
.31604309622447013276
.31736670972601526418
.31790368642405815174
.31257711443512593558
.31134112862092745960
.31242490351270913564
.31643504780882386503
.32077927433251294312
.31467212049662717996
.31924744156047556591
.31396459882391195303
.31320653607271083887
.31356419701343364236
.31567751931849469471
.31468661677495258947
.31472252800989508123
.31513681169869606600
.31475723715787569935
.31894431975043036272
.31365777280515460589
.31336690337777264809
.31660402561827183580
.31439613913887672382
.31957216531844303168
.31259898351348417008
.31807387522481586188
.31698666325475801380
.31579983834512623681
.31746120266556639796
.30884646871416862593
.31485742888006090076
.31380038484057214816
.31243623874754221078
.31449300063496014196
.31023936694645700763
.31193679387575337796
.31090633821899169712
