.19223406481257440073
.18652709240636227642
.18999298246312620038
.18680712400383982894
.19693903117425186767
.18901931659100058396
.19070098903157555618
.19121158913747426701
.19288573323367713395
.18854143263729745462
.19522476701692548099
.18836013019514609271
.99999998963037965275
.19239365326971861600
.19951600626598826952
.19110102824533186135
.19533923725593880083
.19710228010737866306
.19197054165068967412
.19919671528587601921
.19883509551550628438
.19258145746382770520
.19365002610137137607
.19487031265421569761
.18785398902599670043
.19049896808797038387
.18565026841865965067
.18831698220488117525
.18799523362474662611
.18857510279456498334
.18796506839915646872
.18568953817091469571
.18908345269284834039
.18889393751138195454
.19241137495089207045
.19360399535664992243
.19067381025664540750
.18895339691445310011
.19398963116774389394
.19392796303553878360
.18953446896023173862
.19258784514996161271
.19697572926066079411
.18783955451447332502
.18831614226563304780
.19256401576240362657
.18857059200971392852
.19042945015316240342
.18744947013625038220
.19560309224567463952
.19195962244046401729
.18806574704310794280
.19503994927347640050
.19262638902879235008
.19020724992836147784
.19792588720345918921
.19716017369777737351
.19018958009528975965
.18966871406524726889
.19489455682658757384
.19257440612199157353
.18916422166573308975
.18854344434364482159
.19131847918401374531
.18536656597557917078
.19246274605009235910
.18746344838447847851
.19698482341770533451
.19649084581322326936
.19613262727832743334
.19503409043798020287
.18576099522472761237
.19521924000928039543
.19164235353631948121
.19871548194480072732
.19803448823735596416
.19173735999794100819
.19221138645287495962
.18765633369255772141
.19338697994202262307
.19024095119449004831
.19282647085339258618
.18861959883547504362
.19196558497216368745
.18994768796144940166
.19384168779424964318
.19263393811240514987
.19523194279420577969
.18355719166042778459
.18886262125793325213
.18332817859505871414
.19155411843678471007
.18989105946473305601
.19465862722444688601
.19228771722825108493
.19589513186351431038
.19289655911731966552
.19199182011164223616
.19137184125032070644
.19076927298156221359
.18567911670246570700
.19080129436919452917
.19130931243962677414
.19475074056199152956
.19443279763252442207
.19102656400161824148
.18895758624107339010
.19367846996998388956
.19474769189360943734
.19077981888545536934
.19008083388670812317
.19301262627786646223
.19056257533918043042
.19081289797436310466
.19242585094089683487
.19608144283229339522
.19254199068878606236
.19019101110289768049
.18797979326004956721
.19135263671343759489
.18346937134570690356
.19297419646485954464
.19451066311171194075
.18763593664933467583
.19579813443478611093
.19297520231803322813
.19781209098976844078
.18842080284379786682
.19143781277496992655
.19477481882043784976
.19442195100964119600
.19474975544805854058
.19525645657670668449
.19141227240005464376
.19575448870274452535
.19569046666672058870
.19591235580291109671
.19019358276874379910
.19142224797482870062
.19647836079032517740
.19222424478210555266
.19222598687832389107
.19022982459185744643
.19013749349228551058
.18823449187501878198
.18862880705834340380
.19384396911072603872
.20754350268312889524
.18989433626476278778
.19400190879823504085
.19132934654613766588
