.31935487735386771189
.32090249590862449361
.31568383953580780476
.31875343480431998516
.31917689073783406514
.31820709006152720551
.32229190315928445611
.32383605112477481910
.32473372696627600223
.32343856295054348636
.32259728858892270708
.32341488542783248752
.99999999119139780097
.32220423995019968661
.32273776817679287427
.32210247416899426640
.32338010906635070798
.32647418344037399916
.32386313757653684344
.32412222499301698061
.32590464564799116744
.32966320573750065955
.32254005029183339516
.32423840164742001768
.32016421172391480003
.31945497830925751500
.32187805741076952037
.31762323829057094629
.32107022050309626772
.32913187966145722997
.31626363934975250911
.32462073902586901486
.32327003677327160031
.31772428176639604586
.32091730316892106691
.33050749264107350788
.32281794407400846630
.32155325782188460221
.32141289274584302243
.32071766500868219876
.32462538996783010391
.32295652100380364252
.32013745119043413989
.32010497387412630779
.32121693658132334979
.32410851880799528635
.32892700038290993760
.32218597971784109265
.32305531828606798885
.31937785018840278814
.32711705284606377481
.32524643165727067752
.31640785378495506600
.32060195521019571041
.32893395917864717312
.32284319833651309192
.32344403309250908542
.32408937771541678915
.32473320725874625932
.32415767080826588661
.32206368989351192716
.32430354126068186157
.32539395812690007055
.32129403827637147955
.31279624760593202984
.31868751122546242740
.32249690575826253493
.33179724817505581791
.32075514561103908122
.32268710109694404045
.31911422634179014933
.32385157188184951402
.32409044355628287206
.32066870679765997721
.32505380514438223908
.32546968568000515128
.32331977014128733670
.32134450275836973562
.32193220388848697195
.32468799270365862650
.32471321173175445599
.32331731254127380668
.32114204584542717713
.32563007270884513148
.32269994403895022955
.32116897374234961889
.31901740218641838624
.32179831313506168092
.32156655000260294195
.31583339198394297523
.32439154800525239332
.32124543240943721929
.32494178615021714526
.32277617368238065512
.32780616741329847007
.32010186443755004938
.32166877383112271185
.32645113132841913162
.31941751532410503061
.32367074889590777887
.32158722379196407077
.32196161581122954082
.32364843670653763005
.32056586636698627506
.32611753194593738018
.32007828380946323990
.32353913957045203721
.32039430122195572286
.32447218194978233504
.32481464278607631298
.32002181186076524380
.32571228339316869998
.32061770499092758017
.32223372234175984774
.32232497065193962338
.32465947925834035893
.32213603494337257948
.32018156467024689367
.32164869902671111723
.31842952488425716926
.32274259529079794397
.32499278795694954231
.32145630153747985363
.32545686916380555927
.31924803781779564907
.32476769293635547079
.32126542793642902262
.32414307495442209008
.32208365899469713340
.31827198303392747649
.32484310337978138635
.32602502400564314292
.32291655637562663295
.31944382661887354010
.31925239807588417006
.32159730964148196276
.32288686257761369506
.32220539387708775984
.32500156132473977848
.32687792572216664484
.32184333390090093503
.32339929420194020034
.32089305308706713098
.31748641427261337751
.32406917078197220904
.32209233546786318022
.32817828681319658977
.32045701846961283287
.32270322964757046860
.32356839293835502349
.31826940211348316003
