.07989333713509350343
.08384408667977899194
.07703652206597753631
.07588064346723350602
.10458494519860766752
.07957602946690131412
.08293907232758401549
.07797550171053371347
.08983847556306861382
.07901453718293982474
.08560405596255162048
.08236480052360239345
.08811558453266209010
.08810451903110619614
.08747459203934458808
.08236922420360936244
.08673069542278804941
.08245190038835499385
.08275528165652524372
.08507071895248064032
.08153858060845462546
.08558936077483616221
.08923175083595894286
.07634207992334506130
.08268631761949352192
.07543797299268997592
.07928244078951572211
.08375776820579685330
.07577045476552145490
.08465780434259937177
.08336126280209528171
.07997227020598708414
.07721699812780031706
.07689985429960838586
.08596365955696428829
.08014112623086848194
.07697413683511002480
.09113095891279707989
.08603251016630352371
.07813911485540685172
.08258146001932833087
.08074404482874138755
.08132532394350327957
.08265026021635979456
.08588594898453417194
.08971820439980221740
.08094414388136431283
.08347568613766015786
.08395499375687679017
.08113964281090306806
.08212694265245844505
.08262530612401278996
.08071127682868976535
.08916179115584872946
.07633546330795002220
.08881700877992094922
.09075408910297259576
.08818463679123241243
.08145551372832376317
.07654481301904905928
.07935795842655776836
.07614534589226589876
.08104910230614504733
.08732203179295040086
.08292625499833305403
.08151844089149982073
.08291094225984739212
.08239369937903253564
.08286593667208418332
.08176355813496289774
.07978735786108039147
.07859027980380991773
.08398733325231235270
.07893827596435814552
.09067622729361916423
.08272639540417204446
.08584439663985332640
.07848136401286910270
.08523348769119860215
.08407172345552222280
.08045182988674257509
.08222940566800447909
.08395689682149517284
.08335832628516757865
.08764101567037600008
.08335141979900285212
.08088678727819703104
.08566324001187562735
.08495472023229789772
.08267997827179122731
.08955300326723426977
.08434131587440847301
.08469362228727118342
.08110534983854135114
.08127880598650691897
.09026021232680993450
.08296974821686311104
.08217644753869028044
.08298561549073426195
.08396432003381455957
.08537612931603870219
.08278680195195951570
.08755021050100217778
.08538293497758788526
.08629195710825071397
.08469633194881391372
.08763317655651749661
.08761875863649478284
.08890568402929141608
.08045132576366485782
.08050906045914042756
.08318565152797247257
.08238812881902375987
.08317550605103341261
.08496728550001000055
.08316475562640109195
.08314701049406544423
.08391196685219362163
.07930857957109536228
.08403063742468826573
.08637112963760621039
.08358869792860742566
.07903266040758376040
.08650841495474556449
.08225099473880772095
.08526314273124532025
.08085248170275837118
.08932178721763924633
.07981171960881107828
.08715536870345707316
.08241154533598372681
.08332121022357064503
.07911265213694054737
.08616985849882759247
.08137153942665300981
.08443800668071464438
.08661481013029779319
.08524194435582730927
.08513040712488236446
.07510242867216136456
.08532460793749599774
.09177343856919384784
.08022290759715116520
.07971917521481913142
.08529609977745108642
.08413195356023249300
.08210353873857542103
.08522466553733855002
.08329281549121822010
.07676362764093223801
