.08370350732771995003
.08342046167895619271
.07807484432910965055
.08147687352607246171
.09839717254563943934
.08244557753190747879
.08481447505205895561
.08064848161520026573
.09209893401358416724
.08992083781222904659
.08550554253857456212
.08488454074659864544
.99999998795294110391
.08487334902888417298
.08646356080316874273
.08529521293730763558
.09103075744244409189
.08549073670319126109
.08452304465030351602
.08658436870977878565
.09770547861206123588
.08307188002979767736
.08858628872183740972
.09030660873219980790
.08084754721639934324
.08383642252852056865
.07932829261901277437
.08403041631792439006
.08219929950689460409
.08501042046500394445
.07837867115446917214
.08817137596639699406
.08475766112230497053
.07842870259006465561
.08249339230866608073
.09298753712481904716
.08097986006425515710
.08261169442702573585
.08194173338769608818
.08328080012517376076
.08352931890314130916
.09210125909595111362
.08648637793271794708
.08123384820696153273
.08447112182646134559
.08131518994862796770
.08309326355933824639
.08492204324094218988
.08229130289568408333
.07940450231358947276
.08144874364355007936
.08461198808613338707
.09086841127676031264
.08390529556422954505
.08243496407302001889
.08071165639205138910
.08337930892576713142
.07888331040456770503
.08946320618594307727
.09056770463965487972
.08583658366998036282
.07992077902258163365
.08187726957554308262
.08035142523694034967
.08575527806949061614
.08824959751980934036
.08546761839716965435
.08871525248732010911
.08799615149475328901
.08136460698421975031
.08123401686578607807
.08868717079303331113
.09127397551449735840
.08338626007875017836
.09090858821817879021
.09162491838719950841
.09081597042938561012
.08548235195019957881
.08266550863911459322
.08324645396026099327
.08656321407435724243
.08489747928785305172
.08541745444392631383
.08801720975370366346
.08720588852528723442
.09165938502270123685
.08781650575249471701
.09449223887505913299
.09215344695508899813
.08333256633725028194
.08799041709471874768
.08397265067051761346
.07885980659266142325
.08316844925390877669
.08447141095587485188
.08756256579802392575
.08785786330568501192
.08451609349732046907
.08764367864557133491
.08628263807266718463
.08615212023658688896
.08389766977594831677
.08604078131826917689
.08738134189104996528
.09104193711309966826
.08436139721403571028
.08762264448073875264
.08608552409500927455
.08719693756052743566
.08964398435173788222
.07706938474658264695
.08665600052197496786
.08794621643562897430
.08625153256659746676
.08913028571334948571
.08916613776062426510
.09359346804611594871
.08533031806693085707
.08475220380462503939
.08402022450609829350
.08457167862706705244
.08441528370847794423
.08980758341154685538
.08270643249818462870
.08833625201444895332
.08667955252211683402
.08365416257448154398
.08834955196747024244
.08741549530302039524
.08667996212211930126
.08696208014734805925
.08786652514103130438
.09115968506675010300
.08621449990755087004
.08645735656783725368
.08308486675928766801
.08314780059496086947
.08796466048279889609
.08300940398236252752
.08336786421981584095
.08519382488963809816
.08813145201321533448
.08005360989396997960
.08201978628228388914
.08250166863812769815
.08246585273202960705
.08168269752731224864
.08977492383487954122
.08519353576022459188
.08766591751629352669
.08104915474702549683
.08932702623218161684
