.07619012893478335310
.07610101486816740832
.07071009791063633059
.07832030216981804719
.08603147655395204353
.07521312121295936883
.07736049764821826754
.07426356413876586864
.07688269551835483905
.07256339643660804666
.07162366976254266338
.07435103980536046060
.08318432457502770647
.07818233399347449103
.07776196523163230324
.07719573418425276843
.07706318762252532524
.08306053600614167654
.08729740867226877339
.07091290204418851246
.08100230342659001994
.07437478171112442783
.07795945201238791278
.07946643745748258854
.07490535521622106580
.07599355072131231195
.07607448768236714129
.07327449183496646814
.06967918682810983852
.07562531286924044118
.07267552257625117424
.07937520836538453376
.07136946455195694893
.07422215730186258826
.08566947951650696214
.07683290305225136197
.07704887396415696105
.07549589416209921701
.07701634427646028323
.07077503812966449694
.07764866242288293136
.07340967473127372450
.07345085814999227495
.07606450833678253775
.07985612345528853260
.08234039961857451722
.07774926018419399455
.07389242185029250877
.07521355315478318003
.07340395522574463829
.07130299019472697040
.08150874776773582546
.07962947315415284286
.07808763447224029800
.07630431052172599604
.07308400549066572975
.07683932260142593529
.07660281211107083130
.08377064836448728633
.07464577307465618437
.07856308326389123789
.07193003567198999218
.08184104508115747481
.07645386665458421124
.07872735520785033115
.07329972319529530158
.07747374087878504477
.07472480353386798497
.08361958788251855626
.08144860359240652828
.08652910332407384114
.08322093536823211768
.07791931121186476867
.07655087483039394689
.08381515326688548840
.07830451395143046547
.07742144612901259246
.08014019222989981438
.08038367336761849219
.07655004073583762181
.07831254211153509429
.07542542806663539706
.08592174843615835053
.07738683120492510196
.08044532189205830423
.07522219199125940399
.07546609017625624434
.08242981157610343524
.07933439731030719986
.07493562093297914700
.07921111515597322444
.07672677941450464517
.07890105539920502746
.07466969371496793555
.07858179081322595737
.07141024581794298550
.08120111582190836039
.07809861175238336190
.08123911180785809717
.07643913594893768452
.07846217271712155280
.07604447517288508735
.07482458209516837175
.07677603567696477043
.07458087753926496401
.09736288941435852968
.07929756309891805872
.07922770767982583391
.07658061923805432491
.08037031296017164237
.07967000121286285218
.07793463769933724188
.07659339875822087691
.08087260172308147119
.07592449960768511489
.08085457932284659016
.07610113402453259762
.07509771827327353561
.07787715964767905520
.07761514969517344185
.08162797860565336481
.08362296894438080254
.07889965531191405323
.07753242538864077307
.08045336494670858171
.07752037570121100551
.08145490398521591231
.07456924489911335898
.07745489927853948733
.07866037443606829811
.07301257124973474677
.08278162074432483181
.07552410443155778285
.07206052678641792001
.08255300436316351869
.07782823106522320051
.07260663530262611246
.08448621212654030641
.08348004088433624193
.07717774157310918473
.07659363707095125550
.08364764920652063548
.08188614576538162336
.07742394841268156768
.07559428753065427822
.08323180838655564094
.07140929256702147113
.07991647615425691105
.07719205523147754891
.07429931104832265745
