.10855765333333333334
.10474829368888888889
.10552320000000000000
.09667921920000000000
.15620157440000000000
.09948758471111111112
.10642442240000000000
.10613532444444444445
.11137062684444444445
.10756929991111111112
.10851233564444444445
.10533514808888888889
.99999998862222222223
.10503334115555555556
.10592179768888888889
.10582207146666666667
.10664135111111111112
.10640217884444444445
.10356949902222222223
.10473811057777777778
.10673130382222222223
.10366190933333333334
.10298068764444444445
.10833252124444444445
.10023142968888888889
.10323878115555555556
.09550843448888888889
.10066810880000000000
.10765727288888888889
.10348284586666666667
.09933376853333333334
.10790544497777777778
.10859678151111111112
.10416240640000000000
.10378084124444444445
.10077686897777777778
.10626827377777777778
.10069097813333333334
.09923425848888888889
.10333500302222222223
.10098028088888888889
.11141354382222222223
.10073166506666666667
.10231990044444444445
.10359739733333333334
.10193643520000000000
.09850400995555555556
.10151669760000000000
.09866103466666666667
.10752386844444444445
.10278016568888888889
.09843007715555555556
.10076991715555555556
.10679507626666666667
.10284894435555555556
.11208681244444444445
.10989492906666666667
.10053133653333333334
.11711483448888888889
.11258203022222222223
.10647508764444444445
.10755285902222222223
.10004512995555555556
.09665637262222222223
.10047927182222222223
.09762560000000000000
.10113828408888888889
.10955554133333333334
.10424401920000000000
.10259279644444444445
.11048683520000000000
.10066234026666666667
.10490317937777777778
.11022295040000000000
.10301908764444444445
.10994362595555555556
.10687575608888888889
.10791235128888888889
.10105305315555555556
.10552333653333333334
.10121650631111111112
.10037490346666666667
.10540954737777777778
.09443464533333333334
.10404164266666666667
.10979937848888888889
.10528390257777777778
.10459192888888888889
.10256946062222222223
.09723852800000000000
.09686752142222222223
.10155829475555555556
.10050804622222222223
.10106140444444444445
.10330356622222222223
.10210464426666666667
.10813302328888888889
.10916515840000000000
.10179433813333333334
.10816699733333333334
.10100524373333333334
.10854965475555555556
.10476528071111111112
.10726385208888888889
.10872352995555555556
.09914016426666666667
.10026695111111111112
.10387679004444444445
.10380990008888888889
.09990247537777777778
.10277614933333333334
.10543965297777777778
.10512562631111111112
.10478141440000000000
.10360061724444444445
.10306712462222222223
.10734042453333333334
.10440839395555555556
.10118780017777777778
.11193010631111111112
.10466222080000000000
.09969831253333333334
.11105212871111111112
.10340131271111111112
.10781419520000000000
.10940814222222222223
.10653790435555555556
.10467595377777777778
.10633015751111111112
.10273747626666666667
.10844243057777777778
.11072815786666666667
.10795613297777777778
.10397195377777777778
.10842645617777777778
.11040414151111111112
.10556154311111111112
.10062807040000000000
.10332084906666666667
.10930540088888888889
.10938568248888888889
.10888894008888888889
.10196733724444444445
.10798816142222222223
.10467895751111111112
.10422777173333333334
.10476734008888888889
.10497447253333333334
.09669172337777777778
.10429218133333333334
.10111623395555555556
.10030320071111111112
