.29126267603848649468
.28689040313457952002
.28584190997382260204
.28775238562545892459
.28853122391848985764
.29748040404564037500
.28956545011293822575
.29421693214975071744
.29448992824894122082
.28892131959534318120
.28890005721329624561
.29557294746816482945
.99999999079550560739
.29678353177517565904
.29746973603663933675
.29184721665938376389
.29635711516344908532
.29467158815027382727
.29364203783897690646
.29212924236757342044
.29245435431401489755
.29147887120278018440
.28829472363956606406
.29711453459802840835
.29207556175627570252
.28847638354089867051
.29236913910492808814
.28820807252935400705
.29253666090287364131
.28837934976101174625
.28598232453578191048
.28810030630900529625
.29232307981498745363
.29197211244379712713
.29078003837500984191
.29063735030293555811
.28868342023327171048
.28917033798664092821
.29149440838931491483
.29049835323311271204
.29341386762747842748
.29570900830427643203
.29028280238342650522
.28804969079434031840
.29851176764233264053
.28835485660143300356
.28707094008759622770
.29041504335436517348
.28914208939334999949
.29518849414637417754
.29036388477453103148
.28466436980168125245
.29547017008377691480
.29318747388339772277
.28553880597347386216
.28829577295192682192
.28945769309708390757
.29069303749401086562
.28681326026707503204
.29188793734257668297
.28447462835427193195
.28456268775212605872
.29429651420826924781
.29426351609587173088
.28769806069955372378
.29677565272797558247
.29181729284811337964
.29298209400001535310
.28789140110427055588
.29178544529751493931
.29096885016848550851
.29018538201477509122
.28542484512839892294
.28827126138335929400
.29056667819498907694
.29294773362244772948
.28863078893433475042
.28979177942555818218
.29199008882134589995
.28994422426168863556
.28989820178972557150
.29038407943522842398
.29312717524063171624
.29165403273107160620
.28917374364956619495
.29156552231299224141
.28738431630368712348
.29693484445849582104
.28678158760187005136
.28650385118806735238
.28743787725655773743
.28694680827621745133
.28912263109220401600
.29384451830662560309
.29524997096442243851
.29279635650766681918
.29270933721767905766
.28949863468814224935
.28861997365342343037
.29211499381025365580
.29234089051163715943
.28789078440314625082
.29231237498800884494
.29208099240796734408
.29857852784016226125
.29030450658120428623
.30331946835797655686
.29087317865376869095
.29136375979590616858
.29084931139980864593
.29004244542135220687
.29073124535023460140
.28982719831998095627
.29293874083142614676
.29057323179499661726
.29194017284825476068
.28786202035816933579
.29279711127620701343
.28987670009082442797
.29506652539117766517
.28594745791102269315
.29552181650181386528
.29061534235684282087
.29499057910794421687
.29242605969825200577
.29213120292487904697
.29251341955453229396
.29318801694856688692
.28739998235314335049
.29107703059108188689
.29567173010198635014
.29436481155666243487
.29139902221392426826
.29337435273305094068
.29055650722868523978
.29117555549906041442
.29498573754389370253
.29330887195994189314
.29484637229429515195
.29134766113521348877
.29607201515413229609
.28831536932048869459
.29064323197485243769
.29375266665708171984
.29197862002133270439
.28611711515166733249
.28985979143462519824
.29025800547553280630
.29203835718994076154
.29444223976349309385
.29762328541209690367
