.07897561600000000000
.08009953280000000000
.07624011520000000000
.07568556800000000000
.12688189440000000000
.07488952320000000000
.07974590720000000000
.08162877440000000000
.09312915200000000000
.07585445120000000000
.08030014720000000000
.07810617600000000000
.99999998720000000000
.08577515520000000000
.08926865920000000000
.08491471360000000000
.08420568320000000000
.08691870720000000000
.08153715200000000000
.08283491840000000000
.08178059520000000000
.08648398080000000000
.07988642560000000000
.08296189440000000000
.07834705920000000000
.08065409280000000000
.07132014080000000000
.07623511040000000000
.08024940800000000000
.08221231360000000000
.08491486720000000000
.08043429120000000000
.08402082560000000000
.07968428800000000000
.07741303040000000000
.08237658880000000000
.08542392320000000000
.07932730880000000000
.08644437760000000000
.08155475200000000000
.08902685440000000000
.08134127360000000000
.08169626880000000000
.07710672640000000000
.08163216640000000000
.07708244480000000000
.07929683200000000000
.07850768640000000000
.07486940160000000000
.08461560320000000000
.07699768320000000000
.07750735360000000000
.07758967040000000000
.07696133120000000000
.07906944000000000000
.08171604480000000000
.08074434560000000000
.08672235520000000000
.07729982720000000000
.07486717440000000000
.08174673920000000000
.08213512960000000000
.07510753280000000000
.08679233280000000000
.08214540800000000000
.08693921280000000000
.08070342400000000000
.08017466880000000000
.08028180480000000000
.08406657280000000000
.08615175680000000000
.08250321920000000000
.08020672000000000000
.07604262400000000000
.08037495040000000000
.08988030720000000000
.08937543680000000000
.07871701760000000000
.08208225280000000000
.08863814400000000000
.08155392000000000000
.07960674560000000000
.08229847040000000000
.08429459200000000000
.08835502080000000000
.08961657600000000000
.07952380160000000000
.08126656000000000000
.08896988160000000000
.08058277120000000000
.07925850880000000000
.08616747520000000000
.08763056640000000000
.08051726080000000000
.08479193600000000000
.07925556480000000000
.08892455680000000000
.08176080640000000000
.09089461760000000000
.08519253760000000000
.07988322560000000000
.08740732160000000000
.08096956160000000000
.08197030400000000000
.09115783680000000000
.08437253120000000000
.07890447360000000000
.08553724160000000000
.08198776320000000000
.08303869440000000000
.07856544000000000000
.08009027840000000000
.08092505600000000000
.08089155840000000000
.08056876800000000000
.08382696960000000000
.08065422080000000000
.08364192000000000000
.08267838720000000000
.07865493760000000000
.08182095360000000000
.08271303680000000000
.08567608320000000000
.08016655360000000000
.08806170880000000000
.08003185920000000000
.08187216640000000000
.07977934080000000000
.08702673920000000000
.08804326400000000000
.08156371200000000000
.08673825280000000000
.07699014400000000000
.08715509760000000000
.08252528640000000000
.08670173440000000000
.08183388160000000000
.08225589760000000000
.08361419520000000000
.08234128640000000000
.08227458560000000000
.08436678400000000000
.10007169280000000000
.07548791040000000000
.08447654400000000000
.08506647040000000000
.08490278400000000000
.08055365120000000000
.07692819200000000000
.07896677120000000000
.07907196160000000000
.08108858880000000000
