.18075964269562467273
.17430503981401303157
.18072883867486921131
.17934125039727261852
.17647146674389832266
.19113048372090473331
.17757156833205091774
.17826196489133527217
.18121995958130183548
.18116723670909166967
.18030084868175437731
.17745198613623718311
.99999998949743581471
.18422101478442809595
.18709511499168254681
.18045357697013689347
.18737164750668128498
.18268443713129895095
.18117194185784668049
.17837124407168323536
.18257323598170507933
.18018389212698696568
.18243605148831679532
.18203072602871382144
.17715540422620872253
.18055257414014745580
.17698372931203593961
.17589284897523803091
.17384035386163478735
.17848308587769240979
.17167901017281517757
.17626169902942548569
.18085096249121578660
.17335934692451259937
.17691429686020697425
.18601599752677216514
.17434811082973691403
.17765255360448370429
.18685268430259345174
.17965314504588323483
.18415096268131219836
.18493277355926533430
.17775806236428914765
.17690039146522564765
.18620698665648170003
.17746377001325308072
.17768658191244405035
.17979375337519592403
.18019646369631676020
.17534002550421681628
.18941125597402917527
.17431238110637855067
.18090643703524249891
.17572133159952802737
.17885316473188954374
.17527846997552681991
.17885314372676117316
.18386358101751005356
.18180729447823591959
.18484076059443799115
.18876879311768649349
.17551202599787934325
.18397736579789350701
.18702469529882016400
.18075064199811787749
.17451516461566816846
.17571486201998988751
.17800489362777188007
.18146996261916852607
.18168525468240282663
.18082447502434048020
.18348352472733689222
.18302121235446452399
.17825898216310664925
.18660714485450551024
.17887499956283076579
.18532491830081576672
.18006823789017853026
.17639103810736735658
.18335476329042521238
.17698498961973817465
.18034492794364004781
.18232540697462474417
.18384113703784608457
.18166577242583910998
.18712505780217481428
.18344839365013709050
.18669766645521854193
.17674203380243981498
.17820013629597645821
.17952900473721308347
.17792287910404893490
.18042106103141922946
.17610404503844006759
.17898348054830064679
.18770655327342187605
.18269073866981012614
.17878831139804536568
.17683836332114731314
.18196699646923746963
.18324231233569329102
.18491767087196688441
.18029179547142665562
.18262056053592400505
.17833945280989435650
.18485257597914644464
.18065999436663462230
.18284840316335972954
.17790559188339994428
.18291147106129240795
.17728009066821650906
.18103482037984350823
.17959333294284799693
.17866436013553054959
.18084594226553521703
.18480615464544745403
.17752833977786425590
.18112967953956506551
.17930760018162294297
.17809058404895967744
.18045833463171283075
.17816969986496748202
.18272511356238858683
.18312819147325590823
.18258243622793139511
.18275922589086241523
.18010899834178164848
.18246864094498375637
.18518376383816544234
.18075745816227413199
.18458953925912580668
.18453838126897924939
.18353618458416194627
.18244130277040944131
.18454326496132541016
.17771486531779504169
.17979370086237499757
.18181565451932741201
.17990832584789327438
.18014955924466524616
.18363920423625547542
.18607074739387009230
.18017898742951243432
.18769905444259357756
.17904974122574565397
.17870530963328900307
.17761592066060540582
.18270423446478822635
.17394603066246719538
.17831484530200821736
.17621867002395834440
