.08031186186077319349
.08353691778003792750
.07758314332885883031
.08253223622319258161
.10511722574764196642
.07928523307994662093
.08220617016796620113
.08576718367683102725
.08524053588934168098
.07689757074064080197
.08313460499013359184
.08792615471956589150
.99999998777313427230
.09378857003002759274
.08935130596192121182
.08346859405435152379
.08398377304178828476
.08846627651308716635
.08491324714754253021
.08161272701300641401
.08305277057781807645
.09317527044512601614
.08967665063206965783
.08133806270129929645
.08293335078025560239
.08552676681602720547
.07874682304762722449
.08010157199712243161
.07885999491680284237
.08675856240376463240
.08319482230384252854
.08324738559960592323
.08966339670962082790
.08434865939570012189
.08094565367263440013
.07785717184354810732
.08559092118050046249
.08300430328207346222
.08995009225720400510
.08403335298231411995
.07881942617631832420
.07907852568795407600
.08040460263731781986
.08327298865643973307
.08537291616457552009
.08709882385010087593
.08737550559465306446
.08028402128751121403
.08456906087730769406
.08028320208750745793
.08136564651038099415
.08051854479903428302
.07816620587481579769
.08658842556716364678
.08069323002968597411
.09206700288183557143
.08064352782050286189
.09170022136373594035
.08016864858250460963
.08345867806624635675
.08882555073562998786
.09066110895300138314
.08622574004908279617
.08327164370120968575
.08119687908274151126
.08209857374956241576
.08017076383027550222
.08355489127265765074
.08524583012220177633
.08376013144076287133
.08044575826735726776
.07904842314453247150
.08836150450066648034
.08644035822320116487
.08717447146835817366
.08758550201352636148
.08576978799923102797
.08733348185714694965
.08508836031849469090
.08659077312538336574
.08175494991515105394
.08002410257587170614
.08691326893581725698
.08362685860433090990
.08570653842282162095
.08623749006704711864
.08447250531865602439
.08907891584723944699
.08577470319925356452
.08752716763713949102
.08206768868673423828
.08611535590529309454
.08638891979908471884
.08431287135971513555
.08602616091980950201
.08441255699599309716
.08728549140916571584
.08870553182164685636
.07892765839173995012
.08305116885840774737
.08362841141627832817
.08511098002009094123
.08340516107495620123
.08851831405362426982
.09066239277390279195
.08265125253418604148
.07939702331329500839
.08681968450553741911
.08470770130779411705
.08518805818163838020
.07894033765149957801
.08221170893814085054
.08534829125699992648
.08398977643286058687
.08920720012245450564
.08673484228425288881
.08736123684234883520
.08150406685728431849
.08074678370157331274
.08470984100929646505
.08277471942430438519
.08641267659919364555
.09122003566601186503
.08635941637208377179
.08792589795538560973
.08399662347766810049
.08738621632903053219
.08542352316182248232
.08996465445428569923
.08521319661757453733
.08497520067618480072
.08910675642050142646
.08696825315099473684
.09120686733162312902
.08875635890247691724
.08748903204293478573
.08434183680462406368
.08653927356693828120
.08406911656456765088
.08690342630890645616
.07982913297497775597
.09064521402755536940
.08434205688820716233
.07845211890299240190
.07842219976255671295
.09254672395866199404
.08090716349932359145
.07844231295667878419
.08675073720969890255
.08815115350268707995
.08060228660240332007
.08350884489632712168
