.08694788991828678569
.08335381126471000829
.07744185585242563756
.07846375820711178305
.12020434422754317724
.07916938730021046242
.08680816666936837173
.07643381783717645293
.09269814021491786540
.08078867263856848722
.08403898518198763887
.08798657346090379159
.99999998758787874937
.09040083034112257658
.08102955467567958785
.08392994469680079809
.08521108661592773544
.08965671126002567373
.08253200471670537222
.08439855192249732476
.08290650323907957369
.08201858973329404815
.09235480852900401193
.08480246717223553450
.08077741484459416001
.08655486009888538407
.07715990210609618109
.08279504239024885882
.08848535455336061535
.07915529954259099010
.07566827543480095166
.07583163136258057732
.08867010897817633817
.07717812310009211532
.08236229378284542071
.07759319684683464719
.08443257354684531913
.08213451894577499213
.08579045961166494135
.08413503017622506334
.07829722477629199446
.08435999987389284810
.08745758126532291884
.07990881459947462470
.08531125243442037120
.08889283208189775774
.08587952899375950816
.08448224685609036601
.07693823403268106561
.08801505927917400213
.09471746822118390139
.07738952634923295449
.07915532436683349137
.08314978081559204714
.08917201792518832229
.08158287462891170794
.08697565583352445932
.08000147108461062543
.08852991406865040002
.08406912181238418405
.08793537346074491644
.08756794984748357771
.08350142862274382700
.08240676641328645094
.08823245758287889869
.08799232027304283625
.08711638446426417483
.08393755332712743821
.08670728094784319907
.08376926978721130989
.08667709466896165134
.08170771574445060886
.08383736268439230118
.08047037620121716737
.08582744773299183782
.08195225935733064722
.08620305093415734593
.07872444998973889937
.08132733387660360573
.08506615027608405420
.08409969286702450151
.08027306070969580051
.07944879656168353843
.08154959773183875175
.08492255444533544168
.08736509854988442702
.08336848239202826052
.08359775909577001611
.08709033142175908902
.08875274888146307532
.08513528579145009895
.08515750348848873810
.08080689363256442146
.08394492612715031623
.08204783269096054751
.08319419138542682418
.07975198744747283378
.08730925641637781385
.08603758494576511208
.07657390103761113535
.08733780429525427758
.08540711124683903612
.08388923293909871070
.09284589410628544111
.08604704298215809702
.08256173174710064640
.08161688384113845168
.08730310000423749820
.08379526076911014251
.08466470503847472109
.08211591317602028816
.08349044389543701379
.07770278346535651597
.08359800733819502884
.08241194226784796631
.08891630340318271117
.08853759717170454396
.08706650014895786713
.07775721061704055659
.08718705908266529849
.07925675622169369204
.08495964186363234324
.08499185131827774470
.08407255996997061034
.08487558697852303354
.08132192219173832826
.08026588650361293267
.08032644524319478767
.09962312331519417660
.08589258654531517765
.08675926291164086431
.08267329189290136636
.08463985597173094702
.07778519995046074167
.08652088812302239224
.08871456919649611775
.08615765980674376862
.07993861610259740270
.09563582866039723803
.07894667660861029348
.08213659177002384841
.08451269378951817710
.08354993519259131406
.08358966639271460118
.08065174211693146645
.08846408017753702456
.07941211874338790786
.08253638619550684687
.08278747099628597061
.08686227110589989580
.08223995991579914835
.08531231987684792593
