.20181315584000000000
.19966607360000000000
.20030863360000000000
.19608739840000000000
.20316323840000000000
.20457154560000000000
.19915971584000000000
.20544198656000000000
.20446749696000000000
.19978370048000000000
.20801337344000000000
.20550166528000000000
.99999998976000000000
.20613125120000000000
.20539487232000000000
.20191107072000000000
.20279552000000000000
.21799024640000000000
.20009594880000000000
.20151259136000000000
.20176970752000000000
.20269308928000000000
.20926971904000000000
.20696015872000000000
.19892184064000000000
.20724338688000000000
.20498574336000000000
.19936798720000000000
.20384429056000000000
.19700396032000000000
.19472095232000000000
.20358943744000000000
.19638745088000000000
.19615000576000000000
.20002854912000000000
.20664787968000000000
.19974251520000000000
.20233100288000000000
.19995879424000000000
.19744043008000000000
.19902426112000000000
.20398024704000000000
.20260300800000000000
.20598838272000000000
.19813411840000000000
.19885400064000000000
.20394799104000000000
.20083368960000000000
.20192721920000000000
.19904753664000000000
.20294942720000000000
.20166847488000000000
.19853383680000000000
.20435494912000000000
.19935356928000000000
.20515991552000000000
.20478054400000000000
.19990292480000000000
.20275698688000000000
.20487708672000000000
.20823497728000000000
.19826852864000000000
.20643438592000000000
.20104723456000000000
.20116617216000000000
.20232499200000000000
.19931732992000000000
.20690024448000000000
.20326824960000000000
.19749857280000000000
.19968604160000000000
.20313353216000000000
.20516492288000000000
.19813738496000000000
.20963352576000000000
.20648864768000000000
.20613206016000000000
.19920773120000000000
.20086071296000000000
.20629894144000000000
.20310263808000000000
.20163912704000000000
.20145595392000000000
.20296162304000000000
.20729519104000000000
.20657392640000000000
.19921625088000000000
.20276085760000000000
.19820048384000000000
.20162298880000000000
.20003713024000000000
.20124094464000000000
.19930845184000000000
.20574979072000000000
.20784886784000000000
.20540174336000000000
.20253619200000000000
.20179254272000000000
.20171044864000000000
.20075344896000000000
.19962880000000000000
.20295702528000000000
.20517388288000000000
.20439263232000000000
.20753653760000000000
.20160025600000000000
.20586454016000000000
.20502549504000000000
.20162359296000000000
.20596093952000000000
.20501121024000000000
.20345405440000000000
.20604751872000000000
.20289947648000000000
.20597398528000000000
.20247047168000000000
.20490813440000000000
.20154597376000000000
.19478710272000000000
.20618799104000000000
.19962769408000000000
.20591062016000000000
.20943134720000000000
.20323571712000000000
.20193280000000000000
.21296851968000000000
.20328255488000000000
.20395303936000000000
.20633861120000000000
.20376486912000000000
.20783123456000000000
.20449938432000000000
.20177941504000000000
.20299449344000000000
.20346768384000000000
.20604994560000000000
.19948730368000000000
.20432618496000000000
.20089023488000000000
.19740359680000000000
.20387127296000000000
.20938972160000000000
.20281979904000000000
.20612079616000000000
.19992329216000000000
.20417567744000000000
.20443618304000000000
.20102770688000000000
.20071472128000000000
.20268843008000000000
.20200881152000000000
