.08289939406021593082
.07264106766178503180
.08183595353354854599
.07442529849236940958
.08268325738710634418
.08025151501462146492
.07788925930088969217
.08038669622886429296
.08548326980195033817
.08896251793965437133
.07825170245286848367
.08150956839483030358
.08914151314142815604
.08241551111348532304
.07944112801304240406
.07993671759214708531
.08525767269003732421
.08405595912974163370
.08155742553078842333
.08542266221425296233
.08196874321228380371
.08825712066814798288
.08567480404900967110
.07989299609493962582
.08039537710636967249
.07953651196237472500
.07873497760604468131
.07817613785857127582
.07742760045760512454
.07680915730308945560
.07804048097980760507
.08606986985937625874
.08041668951948409744
.07968922669937194975
.07726979875281555410
.08494477792564631545
.08620564565427014017
.08181222315911983725
.08712036174075403635
.07693738853016663731
.09135213757623795689
.07823749858175998595
.07713136716434696752
.07554213236150138908
.09351536732670712397
.08420966483449061411
.07523199909391193941
.07679176912227198305
.08179840246220868505
.07844759695803554147
.07495179305242551051
.07680071425784449742
.08121377112738291905
.08856944727769465174
.07778893372570194970
.08003804734798994018
.08208258558760549331
.08548872673103667264
.08098837220902025622
.08107807460990917807
.08079320441353781923
.07814528572923328310
.08098341737026147795
.09080324714499217816
.08299119731273857467
.07942757157419838670
.07723177201695485044
.07856420083015879017
.09105904895397870448
.07946228187131654810
.08520237668948935868
.08142059270362600254
.08377468284308330870
.10261467105558796608
.08002446448333920934
.08374754353958856050
.08808123049866303256
.08694230465511858033
.08319471566314247264
.07780595194522543348
.07721257366837750423
.09053457596813618508
.08373396067493782966
.07693522161401613161
.08454770375396950301
.07798669125024230814
.07867287696026799362
.08858589734237379560
.07945640212932279788
.07998691341199934840
.08020784636902743241
.08097830397666241877
.07662906543033706130
.08031162051199128456
.07954446613019548372
.08580578355998505515
.08362673796419786783
.08063501953455090326
.08071227538047777410
.08035620084791693228
.08296487720925194448
.08618217953790856626
.07924219454010329558
.07733326032763798622
.08167050155771542189
.07747749238068018256
.08544626045964810366
.08788385614832001964
.07801511220536266031
.08140950707770969595
.08083035909777697790
.07660553324945870369
.08455703206373936291
.08099001060903649223
.08791296417441492240
.08130955146381594225
.08595786407762115628
.07851890699745187838
.07772374126053978437
.07869314555401723595
.07908366612562910432
.08497601322918165368
.07993712719215114431
.08505449787512070153
.08033852198322561140
.08170560824193428555
.08669705995591409092
.07948854912318975132
.08433812068092486043
.08135232163198171631
.08248263266253757271
.08342796304609904026
.08331245584495440115
.07925259309504505158
.08647690656018405469
.08589822103186882262
.08577775899196540524
.08038125251268131523
.08591156606425913210
.07932311036025998396
.07868336800553324682
.16718354003092849992
.08525319351579938865
.08017188084609038052
.08775203101152980409
.08276413356855296234
.08398161012255324612
.07857273636572724554
.07767885702783693158
.08173393670673114053
.08123470036629999847
