.26284170308709235322
.25870184728077226709
.25864816110364453701
.25891803987766562443
.27010892159482466777
.26255291603386641409
.26291786963647371052
.26502879564225223306
.26004883117876746368
.26186054914519908599
.26337085866296576236
.26511353521495065159
.99999999047441853660
.26187974319184783974
.26342890755640373027
.26611639795699901053
.26173127747915926609
.26525601886248020918
.26101184841355441472
.26075470534194989491
.26315820958237679032
.26571267523783567054
.26267323365333063671
.26567698288409230563
.25947949670028142759
.25816871001184715618
.26700710650289728181
.25712156284157544431
.26336431458850040562
.26287926245480254480
.25841896608805363680
.25824935358451631213
.25692645988204205758
.25727889687060644462
.25999747876909826693
.26067619549952854088
.26691636581387692042
.26173471621406755398
.25952774377039355550
.26176951316315335916
.25886585874240911176
.25443782552007674419
.25954668062634279741
.25885603786792034496
.26369915782810189035
.26096804978998569525
.25788740054006998712
.26285028563599087785
.26139851081631680286
.26927033703069412875
.26226927279463071169
.26402445643507704691
.25911063760927413660
.26158959398047263421
.26015640357023365528
.26074407479303673899
.26009939296517519812
.25816081330481399645
.26435640389791365762
.26504168375397221510
.26437669338643070252
.25806837706229314962
.25880634290942578005
.26060482031762327446
.25594825887040244477
.25564416420776481965
.26866238584495546353
.26571710463321615218
.26037770187879139575
.26599719483056600586
.26192825697824094288
.26659627769996224441
.26324936939698154137
.26615291903632969135
.26194913705280871867
.26148201206342497921
.26718633031813117846
.26443375161939647669
.26620770065532571259
.26227405463652533918
.26621994102750618335
.25859136958695973808
.26252763514066254687
.26104409250680802833
.26375223436801596275
.26016176647259755025
.25832914938043522535
.26069811386247582741
.25914822555372871838
.25697665017077271936
.25977246548376979993
.26147973544945522629
.25798920995475082089
.26056267914522918683
.26488765510170901506
.26444627775902084948
.26404565085383311494
.26150308264962202303
.25835458268294250699
.26427019738566987528
.26029060948747151709
.25836051712019420604
.26149655762631959309
.26605211933328397813
.26168521176720225710
.26477753937999209530
.27438338339280407857
.26262468176461167996
.25792355012172359529
.26029299088283736743
.26058076822442818602
.25980751009797365354
.26174635647461583045
.26059697123849743174
.26229462036690482272
.27204110959002392712
.26319017743376796530
.25968891660875430657
.25736573207122681145
.25784984117235979554
.26032728297610561234
.26322815592706254654
.26159469016655555394
.26382851522437488086
.25975479553015519040
.25843125408814142456
.25969790875765575746
.27027836263789565122
.26438018927482777082
.26660413630466955054
.26173147751636999752
.26529570243485673926
.26266307938349065086
.26618188632955989490
.26282851015676554233
.26813564024119229494
.26302803298609794729
.25988945867530329547
.26073131051387578116
.26308508169348225806
.26737006925897872736
.26133563245307689046
.26599666139800405539
.26230999465538675252
.26392025609944889939
.26342622134243105108
.26296641199961120387
.26184388890321959701
.25973424885093863366
.26135254988575589128
.26352779261757529982
