.07876834532152226829
.07386813183318215881
.06805439790012374579
.07621894671793059671
.10678871204716651649
.06783763115372000570
.07523581033553805756
.07024628798391489547
.07590302464543939552
.07664080259498146191
.07148870919924179346
.07274308109699361791
.99999998393725480521
.07690575757696958290
.07752711274933978504
.07740993502314376548
.07620444205901969805
.08602300387502483903
.07813536072163103557
.08145583534555358075
.07076676911646179358
.07586306053539474896
.07904651994280570444
.07913574849236278308
.07686844381988207729
.07377320100908092844
.07921077757516766414
.07952628201628380070
.07231504106304275715
.06981196741659287040
.07009380434378071950
.07936552606237430601
.08072864274509488336
.06907993992983054013
.08281000507920065805
.07940987530185713124
.07889908000466269368
.07607993972101485260
.07268978490843729263
.07196607792368586546
.06590542747149308470
.07865415526593248035
.06933087213526360628
.07909795285291943366
.07993790592464558236
.07177147776565094059
.07749561370601279472
.07225760068622617512
.07312575993851438144
.07974618099800052555
.07303842679289028845
.07300683137309212937
.07201116604944765119
.07405359228920124611
.07647169401357067453
.06548410166503364768
.07421545657252918156
.07195118775889029176
.07398453854760882828
.07280808702679694774
.07782011328443801571
.07664462552833782280
.06979354344785444211
.08419491890715057036
.07043515374191527902
.07402570736354308436
.06818767049700494857
.07146088852456441088
.06888309098746834415
.07153686530933578477
.07887998140062608405
.07490568879629465879
.07673992579557853342
.07347987921907880189
.07336470933603213153
.07704476457388532701
.07144821501860571871
.08269287554124022287
.07840749575072122931
.07640787672691175943
.07400019972417375207
.07719265426889379199
.07474599298356802049
.07268859626529287790
.07110121153416259183
.07629204827131210253
.07206068749288319996
.07616494376858570051
.07903260960546701316
.07488835709422947646
.06834367187833678434
.07724029637114154991
.07379621892294506771
.07497088747904032615
.07180485615016572176
.07730435459897838692
.07813997072950194134
.07435362830669479639
.07346759121900478476
.07438440452648802100
.07301218026724199565
.07558920679256871229
.07465965572814600470
.07570288284031226684
.07370305500081526464
.07119119503274382577
.07432053905159352151
.07298975667495006374
.07760676790276076667
.07841816141353057228
.07290003018029194650
.07477434372883683125
.07261986377860435594
.07148748843060698914
.07336360100661369077
.07981939499059839493
.08168903428029159473
.07461776408867798291
.07059713046445957802
.07365939645937581554
.07495255988677306662
.07670434681497206553
.07974961842547221138
.07735808448165497163
.08068813250171361382
.07569756607165279015
.07428761042394419456
.07520639944908639041
.08048093915144597074
.07101158141597564336
.08181800206146059281
.08093116183651084150
.07843287488812900325
.07949017296508590461
.07583104748422152524
.08056570225783889674
.07625512002010927197
.07565795534200242905
.07671020971696816520
.07074399214377557621
.07400164537124128350
.07465225080261120484
.07433947702817818320
.07568939013434864019
.07608114442690446212
.07622561275718643606
.07498001111831096894
.07608739283478523685
.07087332936808405455
.08073336519218215269
.07169524397695645000
.07427315395326888029
.07306229603224975179
