.08965005287128391406
.08770404902065158223
.08560252408675900374
.08323188618113543683
.15602666812168895366
.08994872627148235200
.09085531530598718326
.09500642097043102186
.09902179327012424530
.08270661744343807583
.09531059801012164301
.09689530004302184607
.99999998846197171451
.09423842673169160960
.09265236321145371761
.09297558953584369830
.09211867171310794203
.10007198460467040232
.09203121345870385644
.09073866584002078415
.09559942947219254994
.08859052727185478801
.09559481426087835018
.09586260035935650617
.08643007762750816400
.08990205494706750685
.08649008691262104647
.08567659822835191001
.08582650029183711844
.09112088610303452337
.08877177815819169837
.09830404714456818301
.09667814281266046153
.09105889227705653499
.08533598409533568169
.09217230046857894333
.08866794744165048911
.09213948631613498298
.08665513840724511564
.09157279605689267907
.08612179304974790505
.08644995765024407949
.08341138328717295128
.08492220732496110156
.09201457562191616628
.09146630005581751944
.08462292240926353216
.09079910203218023010
.08911712288280498145
.08885584423227984713
.09219713030544933807
.08751228699054658190
.08606167992238045308
.10838238793364078410
.08613004273997203713
.09167962666078811818
.08845725150712898423
.09276819347741184627
.09203646326157375868
.09382684218669127436
.09546958050186753949
.08484389872698741701
.09346362505626375269
.09417927126067185408
.08953691096591630677
.09002634258775890658
.09628678443124460677
.09065751888708886674
.08834675181023875631
.08795410116965492562
.09467004129379557183
.09333593369722813063
.08617130272912098305
.09279883848053813272
.08937294404595107454
.09494824623181553379
.09453171187268071931
.09579537980656518656
.08948989350065289664
.09432871180302564255
.08567337911846025567
.08562954614900364338
.09234807079148024146
.09220049940970870390
.09478041407237465926
.09370376603896985207
.09469815946872733391
.09691181096149839574
.08906268646535399519
.08498217045796084204
.09061657042470362931
.08916501723821808953
.08873085277186303193
.08816897387041578128
.08912996470828674230
.09088395269219179282
.09125476184523117311
.09433209244531329388
.08804993603259428378
.09201128728385479895
.08853967918120059208
.08629263663457129493
.08855509398699001930
.10250775467996561345
.08948978965839832715
.09292771825648716122
.09404634163679461529
.09177502307865262737
.09258280043892044162
.08751059090038861349
.09290038466747881310
.08882754144889551706
.08782894817684211343
.08866709362755736215
.09327321297546815579
.09374624905911706093
.09419859745805006561
.09735639426739525931
.09363625703547139498
.09391374661573765598
.09256402806689993407
.09157948811329826873
.09775979835034117546
.08916025203253617827
.08934591044567814941
.09288985044765415213
.08838646570359744531
.08981824270960163908
.09957923003068157868
.09168929552849136669
.09249623061269433949
.09418914781288424159
.09430077823654644846
.08860738433117990266
.09749205840397616147
.09363045340724378877
.09505137312863132759
.09079295226310405891
.09151766735774456285
.09739245060578744499
.08944765277909968327
.09644162477083600896
.09628774208759230322
.08652721628764378360
.08748751484381761465
.09255261695692557514
.09821005836615450475
.09341747294312175501
.08901018843665497284
.09013869990720309991
.08542015401167839994
.08384354013660633198
