.33216211380220000468
.33391813234425996652
.32997210505762003668
.32954212640149601798
.33367824186977991720
.33328215444668136717
.32978105410484103032
.33166844023466853897
.33674352781116017782
.33643930902321015716
.33431171994055175384
.33051537822932757455
.99999999155463916635
.34179559333401926555
.33775298490088562530
.33733156139528610193
.33787378734225026623
.33720354661576951726
.34038406106036420467
.33339914803031002844
.33330721183227482982
.33686071563808801321
.33402734775056082897
.34767695950930021293
.33741124337475166311
.33533161549626760234
.33122906189193665916
.33005166035667309300
.33080459805643701898
.33381775923075194377
.33671907849154673854
.33157809176447006801
.33424469755697584567
.32974937555635397997
.32988352166783580020
.33489492277828082570
.33377575200596532996
.33466942319866132924
.33546185140568343901
.33170685818110084823
.33375830389048299298
.33360247009238033957
.33616427740230125780
.32995665849265527660
.33285086675962813151
.33916694943846077962
.33367756624091322457
.33774059555654264933
.32805327684940882010
.33826083822925680242
.33188007253179916936
.33432659222097982519
.33264546713879274057
.33734790316849922974
.33052949042728061670
.33321607794351882868
.33608940083315004789
.33797888141246430368
.32763854206958955369
.34325467298916781974
.34091692110216384249
.33450878399024432455
.33348467419947248081
.33118568651869499278
.33669586219461501329
.32877086226872305461
.33457925208104036509
.33718609850028718028
.34155964684304853440
.32876943500274216644
.33377028785750595337
.33342094550662169918
.33348181122214987082
.33569425084510403389
.33570899644511960038
.34029717518810753340
.33247025123757684255
.33352840427786916081
.33385621940398842131
.33302494253713148573
.33573018585545124775
.33407557920628184857
.33790845554847243143
.33778235786586508707
.33374155673994984959
.33493942138451336856
.33183243225133650580
.33671705160494666067
.33477509155341205542
.33064076650162489165
.33209790372378170455
.33239333089110388746
.33389474714011156812
.33470391405230598762
.33449853976755309766
.33417938113628833638
.33572206986369010262
.33246351183963158364
.32940360559310236302
.33040951563127767424
.34191748522693144833
.33706500047129336133
.33246379053653909434
.33369787733371817154
.33730586216226928130
.33251215711803345247
.33606149736095564258
.33353410489643187981
.33329103052091754150
.33476385077814245691
.33439805686435423735
.33700187139906176940
.33309149198050070906
.33370823979146106964
.33693960375363521057
.33407510626607516373
.33394056322263416159
.33467572343784323794
.33495656546700569386
.33441321628705065308
.33563822432133354815
.33808349409711082264
.33814855715697332220
.33749100980782556087
.33660140927905138465
.33788970684742171115
.33416568276101614346
.33711166108989932058
.33453996426244218908
.33318289612080338725
.33709494772080951183
.33876431686071614481
.34057079643375721191
.33914519418895327717
.33524461138895925986
.33599797135676486874
.33359719174185930345
.33866302320287725337
.33366200988625762694
.33739062824895670447
.33915302303844607793
.33504138222585811897
.33939700106756961763
.33301947838867210915
.33707380053728203274
.33320038646308989252
.33393302151540970519
.33592803532370134864
.33277154793067841761
.33268761793471352657
.33213568826815148948
