.16317838537593939367
.16204278266708967177
.16959299803157941549
.16192108359095577661
.20312107754802586630
.16558024787502710276
.16325357091410166634
.16855102881945619164
.17391289499536886023
.16528889992503788003
.16642277912218783001
.17325955639362198538
.99999998936103889030
.16953792012991448191
.16760084192482637748
.16512029366937130336
.16996341474053595257
.17037383394326497376
.16533165790973777727
.16813440710240021347
.16552379754737901746
.16408785696640237360
.16943953101757194651
.16946920308010690880
.15974528837648815129
.16674014997105138683
.16677801403364082059
.16164371523586470391
.15988561627352513678
.16525555742092007013
.16169892080506295393
.16966536424504761680
.16302943992040354857
.16265396970491990246
.17237736309944428451
.16396144483049687992
.16317151260706252539
.16959316825495717074
.16764163170172097963
.16612337747863856194
.16696488738553275769
.16688465897980448569
.16369388559754895359
.16616541201398299937
.16793162850364927006
.17345200456113540696
.16787046511622958623
.16909522231917862114
.16954721858192436252
.16284121542045067916
.16908806229835179087
.16294995624195295580
.16903014379407056653
.17988601204287841774
.16449323330156539546
.16618580690243030045
.16077172470539120844
.16697317513623721650
.17095726393155998874
.17534999522310646175
.16786966719414635849
.16927290360867177465
.16265279941919783510
.17149941475074935523
.16294075354059306251
.17084479947366931599
.16273098514439304408
.16148621605559665741
.16625520484574889456
.17056380323283983449
.16795453418691846109
.16596338878147084489
.16852930406087017766
.16838846549369992640
.17320648925560678570
.16563281498187014638
.16439299300998977171
.16679028075580030841
.16040435073931204648
.17153578935878343055
.16338878147084488459
.16701057108453782332
.17135534193940175420
.16884536631751724097
.16564845425470141011
.16865204575519282373
.16922941153565530788
.16237880361477853833
.15978713141053261406
.16740672344041873249
.17347902752235405314
.16364328669851120507
.16619462660119024442
.16362911560231308037
.16226349855427157481
.17065429823603897009
.17767517209051543001
.17677563728972891289
.15765091313139308472
.16284410921787251844
.16654395688922734971
.16163039525655535548
.16597517675038039606
.16540398156736153978
.16624455524567808164
.16661426978320137830
.16678346118172898864
.16936186660147111299
.16528349533279415079
.16470032067956576868
.17071498287020871727
.17091772955207633157
.16693520468403668570
.16704512643022213939
.16967405627627424434
.16749244155007961135
.17225797267787119495
.16206560323866998518
.16101471857713683002
.16492746249925793247
.16289348463638265109
.16671706342544333083
.16815038682198698770
.16971370768433010824
.16832132301013658937
.16893382927914442326
.16059028786262632969
.17139486567992430167
.16362199813733068892
.16476436722544618208
.16937783568209677753
.16889789086851584578
.17173698275232902818
.16221156978509511338
.17130328550269197633
.17018306673160688529
.16525071669361515516
.16349226664555896783
.16286351468293661712
.17815705319501832774
.16564934792743462518
.16813960955438285834
.16351787462495002349
.16843718129662125746
.16628976019143321063
.16158681807185001108
.16407706905983713453
.17377798232953671368
.16729432281629471795
.16511966597066583087
.16045413043834434785
