.30682609475007666272
.30086540648380058101
.30277843653861028247
.30190736587193343732
.30389430397094868330
.30425164621391324964
.30732085554295567938
.30645063108287509746
.30772550433553049376
.30804363300473630835
.30462422017561055427
.30980648839530278281
.99999999099780216742
.30630169872193276756
.31076296291281738689
.30831196151553224811
.31186511099565892416
.30935636049927773567
.30852123560854641296
.31328978082024857877
.31110203969637963291
.30753550394807589905
.31706683296486737459
.30592740534044943869
.31046746576896269763
.29944878462407325975
.30364676153494818840
.30175876659231091316
.30024186925092639818
.30458937266780060752
.30250817255528033637
.30234893267781969362
.30502845486708506962
.30654368680187055589
.31214469225374559847
.30466272257574053160
.30334115492292750322
.30660239913613469247
.31245650138007293653
.30498418205814440361
.30741584673448514415
.30502364769344246782
.30501628389561541113
.30158105420489780057
.32137006357280091791
.30512013324981214214
.31064727566847080314
.30923827867030768360
.30240359402305916576
.30591939338437843569
.30905996313563978765
.29983950701660106105
.30376145853753318751
.30180903486500808254
.30551628396763299379
.31030932415963763057
.30989665440879398060
.31007404271708512003
.30520349360174190368
.31388037000905549085
.31188134195835107967
.30869234938494823881
.30197334297984847213
.31015625978989014294
.29862727105646480955
.31074308606000303339
.30901001894206459142
.30495622123167638640
.30105794549104396544
.30704412798158193535
.30134936463928049250
.31119453727910947091
.30966016667173190332
.30555702791502328545
.30666112947479449423
.30779713482368439361
.30696412544944372899
.30662269909224717760
.31168450890274155094
.31036780243675811988
.30774882002791689575
.30512636277071229279
.31286768576827420954
.31143948708213418057
.30733137911222197433
.31040420732479310429
.30829030222754704225
.30946241539194345065
.30633510587808950029
.30218528172342108292
.30262106011610098536
.30507932628703702237
.30425959515459942453
.31085485734829244151
.30713102619725990383
.30980364370078768511
.30504074286712655175
.30189911985871878704
.30531757845487428683
.30850073760408161091
.30375526502542436721
.30828437878137319958
.30999491339813667469
.31320240548808548315
.30918016048110049780
.30705765828492431457
.30932064878047586050
.30989824779781034861
.30990419825057768904
.31174585888097063570
.30667957497815346630
.30971315360817451416
.30981299698433574367
.30818899149313910096
.30802757308380297200
.30782030648090547419
.31229672137074233852
.30476393428597231443
.30641119245417053102
.30894956918361876542
.30955999021425086807
.30725831727461269305
.31470878826240153577
.30885453298110013772
.30734402720017675996
.30950143991954771806
.30766751217709296419
.31242666809645574110
.30546226177843963537
.30481270819382927426
.30733501600014633973
.30758754565374608819
.31133651094112721057
.31155609255065968826
.30805181600256613051
.30744537394337603160
.30923837769448384207
.31254243636058281814
.30615534098957055772
.31133091157407534106
.30670488015626087016
.30519507654676843424
.30796471073633801251
.30706942415749150661
.30743999062907214419
.30762856866926919006
.30552534918085040955
.30827983267146774283
.30662564281093843376
.30772499121025403627
.30484112813238675344
