.33604095483668465986
.32865537032891848248
.32819369734162731135
.33037938914638937724
.33480268852173117085
.33154154433383396384
.33334926222227165005
.32911315418488445420
.33735970134582727529
.33420371264916545986
.33681414724312430337
.32946838909507766798
.99999999172525249958
.33624002043730236645
.33890648334658658267
.33571031247606270700
.33472891914776488851
.33443683711049491274
.33654008760591025165
.33388103059563891515
.33294665438263850734
.33413362553783686632
.33161855740882041249
.33988797597185440625
.33348838555199628325
.33309334910632602875
.32811578231916331645
.33192207514713597460
.33146372033359247361
.33518262355321315107
.33130008720177158373
.38264789090049931399
.33341534435581003825
.34059691496395325533
.32908847061309068861
.32955564630746964188
.33031522675427108747
.33372173343150824758
.33155254974800952811
.33040377482727312755
.33092162507534467903
.33216422735798839035
.33863337530533507974
.33125009945212152073
.33269125430103791234
.32840870010593083508
.33181197963164282973
.33443159092057964375
.33187816106215122302
.33612425671977143096
.32880666581221623978
.33489747575434853083
.32875774550499373151
.33166621167967535584
.33514449351673119605
.32897798618446502380
.33149987270542182723
.33441796241144644498
.33326086309472461761
.33140190796976430433
.33393937584026440665
.33379239150041437040
.33104074834036078677
.32582938683732108724
.32972138949990313995
.33136926409087513060
.33512476651869018460
.33271683982030922417
.33554271574018911390
.33183346087615393113
.32838272567352700331
.32993083990863387899
.33402363759406122696
.33004628091101229794
.33082617586292728511
.33854136838787786232
.33405305432142523523
.33681878937647204138
.33144094822847130602
.33009797325864744834
.34015630948379816438
.33488080213813517593
.33543522677015860267
.33765589593260496193
.33404655864463740218
.33920785792529953490
.33338979193552872811
.33780452694720758261
.32909886369595122149
.33401880514152097919
.32809587327667729567
.34323319986910342425
.33508936714888336958
.33204027164043203483
.33430938117474587775
.33532953342033568351
.33454766907851559537
.32962565067132323118
.33431038241919342909
.33220814971772064236
.33549701430974427067
.33600259310727269296
.33338186472742332166
.33291520206738939470
.33535897497194219305
.33736198517613739239
.33124706261978886502
.33439729209219038516
.33341137247700983460
.33880074862302616139
.33121995454697747512
.33612611853795902642
.33394491164634219049
.33278519750941022904
.33482977177030005948
.33453015143805719719
.33691078801918175838
.33443765631049745474
.33062011810067172001
.33141878017991766941
.33322624982593034290
.33450610502182096427
.33314199634688102301
.33602911367301155274
.33716094191086708440
.33707130157119498831
.33555115598263954665
.33773870960558920799
.33407985622857910943
.33544106874189390220
.33865791820642133812
.33734209268314637245
.33415337736012037905
.33393273121802156597
.33276911967501690469
.33459507510694552599
.33282916124287998317
.33333817406062108153
.33471063195578895088
.33588988277156941402
.33675292238636866422
.33460742930496365942
.33294934367557614523
.33274434508100063444
.33079199288100303246
.32806370105839564612
.33852374317570195863
.33632520068807173386
.33469616769715820926
.32588865057891912584
.33127462580371277826
