.07869953419058882008
.07548967646200952465
.07411615111929959165
.07233024049377444178
.08989413437367729066
.07563685939634762682
.07879968139127249164
.07627550772070746605
.08480387129892776141
.07624380468049103996
.07976086241116748740
.08257579747038411074
.99999998634666657346
.08366196110446565448
.07674611081725344985
.08113055116718456264
.08368111673126309022
.08026102497458193050
.08392471950625941850
.08146950882283184690
.07791069919853703987
.07626719284065070313
.08413762958771288466
.08471696783166783374
.07298351153823410544
.07540275934141617044
.08460967993760208171
.08301341411337157369
.07071236144272972079
.07237824561410215673
.07859567328321312962
.07268876337622195799
.08375469454509871477
.08649407205713286525
.07682930057782135862
.08125763639471879779
.08950560146435823934
.07705445769935843123
.07898839776589412875
.07358750770235738592
.07693037620517803490
.07900334816599619015
.08393715769301099652
.07552633566225978479
.07467861384313933717
.08106466018006808017
.08132359564850241297
.07942501771554145428
.07993993953238998721
.08358330425059535702
.08412289764094564790
.07234175025385301507
.08451339663027812100
.08516416911472072783
.07972813537094407080
.08019924364082683659
.07930407648804916216
.08552468538384851889
.08438811364275618914
.08208121912034112253
.08556777530414267941
.07666692148337951733
.08292687928611416260
.10556876189401608120
.08218517560105079877
.08076364513801315081
.07700638431236358358
.07872088800406792878
.07993774134570831426
.08172636898458534561
.08365122958439239397
.07930796768807572609
.08257740856372844247
.08025154956118391168
.07675370207063860614
.07901138997938442226
.08205911437352355413
.08409974158745423591
.08147199372951547720
.08480499087226873769
.08327841166184729028
.08113239436719714555
.08284475448555352396
.08323924024824654677
.07764394037004929960
.09021086440250616766
.07946220939579534948
.08191717431922124336
.08167351693089120892
.08127186316814925257
.07866907360371420914
.08167135970420981559
.08105523938000376751
.07715007199334449148
.07788744757171164209
.07947634059589181847
.08290106083260457529
.07781257269120049624
.08012753633367064804
.07723703007393812531
.08128076514154335670
.08142331959584986178
.08391570830619790204
.08010491276018287111
.08257351736370187854
.07594666718512924799
.07723412191391827227
.08240203149586453502
.07886576352505694567
.08087654455211721081
.07724361098064971763
.08187826231895560410
.08011942625361528323
.07957117664987256593
.08042083724233958225
.07622135860033780805
.07533794696764038464
.08416007566786611656
.07743691487530267222
.07864119349685721428
.07862151904338957001
.08318395790120248594
.08743527825022483286
.07808980362642639276
.08210122125381100376
.07952480992955603579
.08187797559895364676
.08174125111802027430
.08054427702984893120
.07770936714382927971
.07646186206864631173
.08598652304033466396
.07671950047040512322
.08021322465425561364
.07766836618354937982
.08243361165608012224
.07958792928998693062
.08413324686768296529
.07759820170307039030
.08164439437069239891
.07972952801095357789
.07776474506420732631
.07750773471578613566
.08399507513340637958
.07911286155341046821
.08465745295126154549
.08121906572778882204
.08165317346408566419
.08251117624327629649
.07704805428598138393
.07781092063785588489
.07929383648797925710
