.07395075204043300031
.07272885873956672880
.07337714254875239300
.07411882928240579720
.08598648085534536689
.07317734249287447832
.07639415729044005885
.07847431795985414342
.08319754269377339214
.07232503551055460815
.07522354873458246174
.09267037605136022441
.99999998587586201910
.08324501392152722158
.07882133390590705490
.07758781643948249667
.07718049042425111102
.07767493412254873291
.08229287753195829860
.07782784204033003535
.07756335343249956523
.08226287786288685149
.08528921453564191616
.08481883836846376031
.07525609074849047217
.07717573058975154526
.07330486933470409035
.07394572384731179731
.07850529219444627313
.07633576810402698807
.07510123369966780452
.07482187237454343901
.08397124884822951318
.07968013799169814243
.08068786698835991654
.07554312148053847034
.07619034597937556650
.07485650476087262371
.08118733887977874143
.08073827603681377470
.08330280989414509425
.07992820022705681736
.06954241083866009897
.07550450608729866978
.07739908970778161332
.08301076509311387399
.08630449994612347568
.07952323294286824322
.07156532637683756625
.08106923283798239458
.07562223077736953213
.07796637158564677416
.07830484242822123672
.08301178203104849931
.07438139700747086392
.07425204815184171486
.08217191841428980847
.07938275426651013921
.08224964354559874135
.07988548883380255368
.07650610520807673012
.08046525644964283657
.07500325455449425057
.07556408170130213677
.08251721121550904926
.08524952570791556664
.07309742812017850482
.08577199169596730861
.08298168349301118586
.09090518365892037265
.08719379804581534207
.07705691834105615304
.07783425439897336726
.07752370697718715843
.07801608855133956786
.08222970026276970024
.08115314434172696485
.07331739744509315512
.08896393388654851138
.08196213259285939233
.07834234201456054560
.07941772563215086569
.08258283196056834458
.08238074379433752292
.07490389124379856771
.07944521120466171129
.07371325466028404405
.07482948528491514805
.08337771019785784567
.08353042037770741541
.07930275514898628026
.08215831686941419474
.08274777364390938004
.07890815498207569208
.07634671431096219123
.08249170302231553068
.07882257683004937474
.07730346929365087089
.07655503122204259301
.07759455365329938946
.07671830625710188141
.07878832579544567454
.07964142372949247552
.08004223851711466291
.07771568226062365047
.07891671420969212190
.07932593285941294914
.08646794447083853496
.08366372399197121851
.07918423950718848709
.07624768997957805014
.07642167111122686627
.07912791244492062878
.08058289639488581348
.08127303002490890602
.07735577097659417063
.08385989414438804002
.07561533819803484937
.07985440160610657671
.07468681736717000340
.07452201692520877701
.07486343971262124920
.07419118724128198530
.07541902680423821879
.08408013182792432756
.07960717269488877531
.08477553376141429853
.07576207386751849532
.08339598683240513972
.07226327065516410053
.07331013763817096877
.08495544703101509573
.07494540208532445426
.07910141556206844668
.08100075901705095598
.07322557642407927676
.08049904138769316684
.07879641892650873442
.08059562224320661096
.08197403924117729719
.07676206283656673223
.07128088036204007411
.07942926505288126695
.07948960337033570294
.08188576337879662656
.08701919545209536602
.07673045301576546169
.08211272415201182598
.07893401627871873335
.07556213257026077156
.08275944018188160947
.08092221468573913048
.07655178267030698433
