.33301989738165790800
.33232159625366798891
.32865616107866103867
.32746816225168856765
.32999640571819657032
.33647764027867980336
.33315370283499875858
.33337430169260262232
.33579875753440393412
.33021825845335407481
.33198355922439013194
.33289377401812902979
.99999999164081630907
.34291521482274526527
.33899443166353122046
.33526361931287744118
.33664802551985220028
.33646388106232451880
.33648610813175872394
.33451063240518140324
.33393399919581309220
.33294708053252614381
.33215605933903633626
.33422341921274445158
.33776948524464480182
.33291226453245338548
.32873793897270948880
.33044931464975530246
.32717427007148255624
.33143380079058818778
.33035572522915155640
.33412524060029438036
.34241703255231641089
.33118767298599219825
.32776820679109110971
.33299150123465979034
.33809156459225665744
.33227153310254295898
.33027379686979666938
.33279390685057338902
.33680078960180409909
.33243071703756949847
.33632935671918624752
.33037663154756259328
.33216081571455648019
.33351502019085587893
.32997497277121300433
.33884190999790635886
.33107720637351644761
.33073986315648493852
.33008755425716256237
.33124503370447941738
.33206209375516649797
.33493380772035146757
.33395755537545415654
.32996918821609887497
.33119183585947028556
.33203315426122846932
.34084578187148179722
.33486131687938364997
.33579114231806148926
.33006596248568886855
.32971546191352782245
.32871898034409844056
.32850321309466793921
.32898404169975440552
.33148469150089862061
.33540911090501822361
.33668012478522540364
.33848803231553417366
.33234035426187045463
.33283329532412509064
.33013005234704729307
.33025305773505945127
.34177610886118109281
.34118620126811157163
.33611088945342357307
.33381071795473913304
.33485662737733303354
.33647080246642061577
.33585859257126367101
.33512603550850828646
.33547054254596292973
.33736435740706347344
.33660769245854342261
.33949243003191887419
.33415312683708735078
.33475242179344179575
.33393128246111353723
.32743508496182352450
.33208065950214407211
.33310595517775611858
.33550229072562111368
.33429713885371483712
.33452597150725427515
.33227445045765109647
.33669284746280301185
.33914805674140328593
.33210473395117397463
.33008377590613425823
.33305896820622935397
.33336139511298381347
.33452085568683542087
.33246508164172294613
.33559846313398535970
.33688250062238302171
.33263749816453224107
.33189925685686701842
.33329902724346572224
.33566098146880988781
.33351169323574688546
.33324745108009263247
.33732657389678043199
.33760615515450755690
.33278592383014854287
.33492369310808543213
.33399512990614492454
.33263318482574771687
.33112463638177883195
.33239391991096198774
.33634212119268231042
.33795372165319308362
.33369420765245483396
.33620429497198611848
.33302632559391623961
.33692942072044025882
.33609030078399279185
.33403415057561422488
.33524118326385096258
.33261156797672295023
.33685279208354542673
.33403942522052320700
.33417661614325888762
.33402872546539880588
.33234857133943864705
.33678286751197072721
.33789458042857969461
.33492299929583908425
.33748715381548335818
.33359620458286227244
.33889097840617216712
.33836436655201043133
.33999139806561467678
.33134406495366596432
.33280388771590036944
.32984665930155710026
.33643091244184745784
.33830304358045370741
.33395875909790565167
.33368365836263686973
.33172328768098907467
