.14173450024987784636
.13958141326505880207
.14277682848881388950
.13295311312057595135
.17848797393642007458
.15060890480889407410
.14045542320997208014
.14501003323396109613
.13985679553818676786
.14442330034622450489
.15011984240689087450
.14471023880073313813
.99999998907733328860
.14670555878757263547
.14880948284952364176
.14844631510403610667
.15699984448307136301
.14786478140565414464
.13927998043182413319
.14298167218031959592
.14571818248486167546
.14030154468134179369
.14977884767482749341
.14379880779966658342
.13712062383631274191
.13852498386339833391
.13648542707637764264
.13786103864467881429
.14211381169676483938
.14136039891501219396
.13817266232595522489
.13554262617651593016
.13653396740724313051
.13899965019067590052
.14010671707521044648
.14480437034245203426
.13901048547605361518
.13848204686055579728
.13971760799628332236
.13452693832168900604
.14287683642522352200
.13626880875015704065
.14476495043829057033
.13892694892104478279
.14669087872351250592
.14278623290485240998
.13726943424758893602
.14244201598610916415
.14363877980967777544
.13902540583878139565
.14611897881717000391
.13754376794471260684
.14282156773166380810
.14383305035980684095
.13715970513780615225
.14728817382995902668
.13890804178496733916
.14268676017911163637
.15076583076153684280
.13892372673436491804
.14414898849443425688
.13550385070969043918
.15962178693647750596
.14734133444884343924
.14582110677328325335
.14055204511970117682
.13776322616427817437
.14507547093022912894
.14291225863336861137
.14411292184895319456
.13834554629466335763
.14101543925493257253
.14132798044021274122
.14350638616646882441
.14138239716576896546
.14266313445101486538
.14457758301352311336
.14107098101516007158
.13888289780619768275
.14570279244746530454
.14193726863470838567
.14089992113179274363
.14463718800576725541
.14701171021282663170
.14390552225343701916
.14136231038168669000
.14016966440346827873
.14655721805096503181
.13335117878620642831
.13593868207147150844
.14040503694843236468
.13931848283198183902
.14005226758165408802
.14215087230491663963
.13590391522332910343
.14131918769351005946
.14332296182438418497
.14247505705291116703
.14082671741949290122
.14309530068211835160
.13384310292688801626
.13855532703152261953
.14318158974913845828
.15008327331874108752
.14549385275594282089
.14227412367608814392
.14206384049656015735
.13958324827306631826
.14063551613870974078
.14113285792208018605
.14189958543455403528
.14315435954102692335
.13843256718035312851
.14600462941936829544
.14576966101307253151
.14656624017366865309
.14013923385401030187
.13758784090489312968
.13742015612553962616
.14039576360439438106
.14321099356792556299
.14726262571252104826
.14447231035175858321
.14921528176318579411
.14233861110035228441
.14704139802094823297
.14097388943076238445
.14387948261599702747
.14262921957087595003
.14309182727410412452
.14344409419821367651
.14837929362109492001
.14253512079715718812
.14495644663107493874
.14467041475790335219
.14126019437060175615
.14205616186186203899
.14163243885212646954
.14555933414287769932
.15168572682930473710
.13983587863143442555
.14674474931573315987
.13997601644534176337
.14973125761596589787
.14016401738477848188
.13971243065226211596
.13563883302490999341
.14679438191326978832
.13737170317600782955
.14329235651225882561
.14312671427158035499
