.07975598080000000000
.07724993097142857143
.07238824228571428572
.07698225737142857143
.07757354422857142858
.07393318034285714286
.07303323062857142858
.07410205257142857143
.08569659977142857143
.07596498651428571429
.07904207725714285715
.07309013577142857143
.08286399634285714286
.07728616594285714286
.08645087817142857143
.07806159725714285715
.07759964160000000000
.07942818377142857143
.08488971702857142858
.08878492525714285715
.08276788662857142858
.08372716982857142858
.07936109714285714286
.07450387017142857143
.07132309211428571429
.07629948342857142858
.07468808777142857143
.07589203382857142858
.07302037211428571429
.07591754605714285715
.07700283977142857143
.07952471771428571429
.07335668297142857143
.07278156068571428572
.08115862674285714286
.08178888411428571429
.07615271497142857143
.07560072045714285715
.08013582628571428572
.07667679817142857143
.08529185645714285715
.08358392685714285715
.07453909577142857143
.08056633051428571429
.08041732388571428572
.07740477440000000000
.07214698788571428572
.07896192731428571429
.07440847725714285715
.07497138468571428572
.07700283977142857143
.07526448274285714286
.08188395520000000000
.08394071771428571429
.08601108480000000000
.08101721234285714286
.07717904091428571429
.08513617920000000000
.07875478674285714286
.07278302354285714286
.07563898880000000000
.07420960182857142858
.07382586514285714286
.07991155565714285715
.07691287405714285715
.07921974125714285715
.08205784502857142858
.07912608914285714286
.08286671725714285715
.07756263131428571429
.08114407131428571429
.08803597165714285715
.07497160411428571429
.07944055954285714286
.08251963977142857143
.08429723062857142858
.07524066742857142858
.08198003565714285715
.08777110674285714286
.07793617188571428572
.07876641645714285715
.07857244160000000000
.08304512731428571429
.07109709531428571429
.07864488228571428572
.07250233051428571429
.07654821302857142858
.07598214582857142858
.07037976868571428572
.07630156068571428572
.08010321920000000000
.08589080868571428572
.08254307474285714286
.07648405211428571429
.07943178240000000000
.07823301485714285715
.07900448182857142858
.07481883794285714286
.07210847085714285715
.07547043840000000000
.07642983862857142858
.07765256777142857143
.07831711451428571429
.08331187931428571429
.08072750811428571429
.07840408137142857143
.07998003200000000000
.07706572800000000000
.07822166308571428572
.07127126308571428572
.07508080640000000000
.07559507382857142858
.08199741440000000000
.07834182217142857143
.08097685211428571429
.07743015497142857143
.07156636525714285715
.07956689188571428572
.07512454582857142858
.07190372937142857143
.08077383680000000000
.07514817097142857143
.07631621851428571429
.08240746788571428572
.07851375177142857143
.08001056182857142858
.07513418605714285715
.07728913554285714286
.08103821897142857143
.07939705417142857143
.08054700617142857143
.08500403931428571429
.07603631542857142858
.07508542902857142858
.08087459840000000000
.07380778422857142858
.08157362468571428572
.07775723520000000000
.07599520914285714286
.07675248640000000000
.07727984640000000000
.08041812845714285715
.08328034011428571429
.07981095497142857143
.08310520685714285715
.07812548022857142858
.07342534948571428572
.07750029897142857143
.07964171702857142858
.07884824868571428572
.08094952594285714286
