.27024062663113196747
.26700060585960958943
.26837824603647731907
.27215641529978986767
.27173878336991218299
.27357870658507145840
.27436915926284842943
.27306042604746797001
.27228725189856899036
.27349466796368940226
.27020336715496291468
.27352638136165184092
.99999999058390796840
.28292450748965847091
.27566422972869103299
.27161798432523874902
.27705236884817399989
.27810717830973822314
.27048043566299283085
.27671273982468611387
.27665062186555362935
.27701578733063122252
.27346882079106265222
.27957419603216992777
.28175622470302140078
.27478357088925130591
.26877386314318511611
.26926084459087555636
.27060298610078414296
.26992095030665904805
.27071233517754714777
.26805957723385178117
.27414033881038844666
.27416781496693666401
.27821011502782770635
.27296411825816873526
.27049816616428833916
.26942907249111217428
.27734827895635915352
.27411437864465731739
.26611435386150309021
.26958705568321840821
.27211658523049618728
.27126573773842851507
.27362859304065489071
.27014026050616711185
.26908900091129880292
.27074908618474649400
.27534131426855924216
.27055622578775520282
.27503515945224370455
.27547380809953592697
.27354908355954003559
.27512927329209957582
.26909195756419672624
.27130979563304438517
.26967570818969594978
.27386528534605329352
.27373813043925852758
.27175071355851622390
.27318613087608986911
.27281051354885719669
.27603515784209196715
.26960375983048247180
.27458268798184908903
.26436907178735345583
.27018612629045304972
.27465076632723757820
.27451859264338996790
.26951913741139445629
.26940052290007235420
.27136883453008253554
.27597272915192243973
.27826158338687244796
.27013827371074844364
.26852275480088632922
.27079132677360026473
.27577080105830471493
.27465123713183915835
.27422111946392756819
.27743227991337308325
.26957675447853583461
.27565880605968082970
.27971271616204683845
.27400696928285282279
.27321642244415553573
.26983280626915121304
.27591418930776196432
.27005607122731255007
.26822779571799636748
.26749857588670091030
.27616049544312463372
.26664428210494967142
.27536405413081556323
.27715170861910741079
.27032335641572163080
.27679675019779207520
.27306035071873171719
.27435670177309061875
.27030662402018147239
.27177969628978949771
.26808995354674573222
.27371868620921326753
.27695333980827763190
.27787498689633092653
.27078646807011195762
.28556815065626724587
.26964738458486488817
.27055002058310637649
.26685022145377285906
.27271358429748387615
.28599488794713949059
.27287756554021424115
.27153581950617098187
.27302744147708126496
.27264772814981484527
.27534011842487122859
.27461807365570385284
.27019334843304128916
.27003709780186887017
.27080086527482827850
.27239207183506479416
.27000368009124871138
.27471255472314895662
.26982700595645974563
.27156306026041840914
.27183484634081859606
.27436509151109077696
.27769422617760024511
.27067059364157105199
.27304380664503219085
.27436092959841280847
.27438097645834809110
.27580588541721446744
.27183913066269297540
.27528270851175454554
.27807609578994190187
.27224382488211923765
.27061091445027475263
.27294412789478564225
.27290728272666597999
.27464317695706010624
.27850883113143827765
.26963072751806098259
.27032415678354431704
.26612668894206449005
.26918087372125115269
.27081180677376900110
.27532908276501018996
.27420230611204842554
.26896242038611796475
