.33162539904956932673
.33440481532317233289
.32935935386194510367
.33121729947596379226
.33491430598806920561
.33239062671008001291
.33380358288074113905
.33363825107317787758
.34304510749783929532
.33064985256641909811
.33674714096610895416
.33357881164536097040
.99999999137684204020
.33998156679261881134
.33763989650968713493
.33547513893545873252
.33659659787444675113
.33895103043115893277
.33758306127557408761
.33594098779792105320
.33405042077734043804
.33992209287217006496
.33539724594960785155
.34179459437682489737
.33438996624516555584
.33706885374327320383
.33122308561495481862
.33609569587487784004
.33349071746364364504
.33107852699491671737
.33464447875234907758
.33170445616174478081
.33621801537053761493
.33381350813555286981
.32580939806252817402
.33531254929212668772
.33075956500514164417
.33308211774687644212
.33336271530688836139
.33302782634436153604
.33542259803400966601
.33666089214019502617
.33467502197784269215
.32907604000717584713
.33710782179409354382
.33930132897695992222
.33831682303268946053
.33840818539127355041
.33135413174646991196
.33286428815365391315
.32831774536566484083
.33475200953210779403
.33584825435722135499
.33410516920722721356
.33684394453736567837
.33162518347062033171
.33497223636324314764
.33397122569463762714
.33520487191868265465
.33589218934702654026
.33387873370236080335
.33016486891644397937
.33559946762692314100
.32997140836761584756
.32956063561504277484
.33178744543394990408
.33663320317998610568
.33229113271353983084
.33466090586826249818
.33574916564910528356
.33107041260327654478
.33494180523880301048
.33431722990777463577
.33212806017336203719
.33093404598330025433
.33439754600101222078
.33577917423880539047
.33172715231349497662
.33748702516537578567
.33270208655243005938
.33825632295644349785
.33756589256807612414
.34032550144784546777
.33442334648962794489
.33136165976336881809
.34697659492118761305
.33728520877648460686
.33712689621950062327
.33126966791425366275
.33131563796933736102
.33564799875992090012
.33421327773856923667
.33542690961298956643
.33709640473295476751
.33762062375164698006
.33569787510556038817
.33265726337735501462
.33996619170197648645
.33101099904493351701
.33451038002291621475
.33549216967242933918
.32996519107072683116
.33351492266803680599
.33537333393258532382
.33612810170249077159
.33948771853626101734
.33223428885626882371
.33510282546738637153
.33574842405752074068
.33433326898157986533
.33324021472491143069
.33634468956096708924
.33359360036126202884
.32892174584180113074
.33797710510170514671
.33721698235070666263
.33623921971596076519
.33248567978027089755
.33178298726128468705
.33278384271304693113
.33192607994446962215
.33348984652468970515
.33468373999054005080
.33414872477808216759
.33190898884539329689
.33520213837760939778
.33550276753356193441
.33386839453596700215
.33710701121724532254
.33252142277001427202
.33021540924524637208
.33427833084221797419
.33932905242980068192
.33295315841958762059
.33146980278734268040
.33554417593808489803
.33354258575877184708
.33446495322678398393
.33707853754966206017
.34068493191792588631
.33805080723278756447
.33249514800771075887
.33392188398479164674
.33233731834757252413
.33297439725764261005
.33250071856775279021
.33734432914745700140
.33573052238159619414
.33833643209389004764
.33189106129999487095
.33103039252718510909
