.07807782658424380325
.07401938372150653024
.07061567071008036006
.07506679394514151539
.08569923809043092158
.07877973920515733036
.07675839469692766285
.07242214850892523134
.07855412837261098042
.06789041284245986732
.07427450150813145804
.07001092781300915447
.99999998424615372207
.08011374340028056340
.07741158067130352775
.08011933601570923139
.07412310704540047396
.07986332025984646113
.07297348586711422714
.07633318263203983858
.07652600971048179957
.07917856357752960849
.07890027188302983391
.07641439370960260892
.07523917253111471287
.07236872721619674362
.06742821074651144465
.07467498003436291966
.06708022403607807241
.07056193434042631358
.07731288282437224625
.08891184119265942601
.07989511152163533999
.06989004855051853628
.07008282836742166345
.08135587116391086210
.07829318166286321556
.07565816182672275162
.07437044243196410039
.06985767439641737371
.07478727345063206165
.07323854433074053381
.07618071690776195472
.07162601213342335712
.07899304628376061073
.07888617219061107941
.07741685820980663698
.07085175785040153877
.07422309670772654638
.07227092733850330458
.06974323845705443216
.07970929490478706141
.07607302361460597063
.07950811828781779329
.07869740960450882643
.07764417045775100423
.06815515622916061523
.07618175666161629863
.07262669644899797819
.07264656204915445799
.07860576948071006115
.07446444563270455637
.07557910902610005880
.07861504849616776662
.07291554322050397122
.07315972783781201005
.07686797845163699950
.06814636558293752583
.07294164734378651447
.07414067258400037482
.07801312553758031193
.07409326926055005941
.07617332835385760181
.07251796340198765019
.07727036319326809162
.07948812665689108998
.07522085080789347098
.07554837327201180178
.07155113410206431786
.07919285231610369825
.07180045447325896447
.07260659454114732931
.07204432401364144454
.07900049785305007540
.07472145388088283673
.07662352601894223572
.07692176208282987980
.07996715386066435042
.08165993615092134322
.07741054091744918385
.07350825017901883218
.07379060636585831476
.07620793955413023157
.07875944825115134623
.07739664602503204254
.07954328087271015088
.07146051797827361854
.07617200503077025502
.07808806658432446295
.07887328554435572614
.07775005205858502545
.07200832647489635624
.06936450023868652496
.07673328306596062969
.08138578771799266634
.07265787331078201747
.07524125203882340068
.07685758091309356043
.07372770125767050837
.07754481094927604933
.07515320379197600526
.07421677941536909325
.07910489859233397046
.07338694556267870967
.07755076590316910989
.08120537467041772049
.07603500958353730626
.07344611700929864476
.07805236836865865546
.07124799859198423507
.07851140394150521259
.07699801069881509966
.08090331042188453748
.08248179855739509018
.07512237351481008061
.07642754817124468714
.07237276020084389574
.07782149575145547423
.07573307136577434676
.07159869496397741264
.07532972563952030043
.07788460565964489382
.07827457637040897080
.07692084835974575939
.07379411947357829494
.07860320160376675725
.07595204982903768481
.07925553687044361351
.07193184155121696730
.08101921146895132727
.07620890053875318579
.07770972221211350420
.07807012295341389158
.07972465490490805095
.07496659948281382978
.08926576710313958088
.07382494975074421958
.07284257140454456245
.07869654314296353984
.07858757378825904277
.07814473316938620589
.07611429869185416816
.07552480551798000655
