.08001729452080089828
.07469671134171665914
.07192578746272136363
.07377771665859329393
.08192936105488250591
.07639890151993832096
.08047900101647948395
.07908601183757439444
.07859167163670386686
.07948578144092983767
.07981368974532146147
.07711974380795588246
.99999998657049169056
.08301310894594609476
.08250269362362916616
.08631016067198036499
.08046966750820442237
.08284681134455028539
.08637172153807084308
.08602669061058468185
.08353099107488307263
.08270773535649771316
.09182880223961224175
.07916055903820010210
.07405585520519012894
.07145074546529150293
.07951380882477164129
.07608524192386301419
.07866260629959433485
.07841436183849431576
.08154037534669954390
.07649736667486314324
.07897660163337737765
.08050697468228804980
.07909257886713771115
.07763179753028656288
.07877376233987157899
.07378635183243626457
.08114742793356529676
.08006707770810399651
.07641879062174460326
.07908658930643170041
.07632969926361977087
.07662357719395527088
.07771954593758045115
.08167135334124152313
.08164257390493439081
.08366814664324739478
.08105955866069662352
.08810598138213545029
.07862438591894566542
.07491687470094163684
.07814378410507569610
.08145332527383774657
.08223572842794578615
.08538375290027018828
.08290175146304420901
.08517673702968015343
.08299783959499826021
.07763616212048713125
.07940399573532534126
.07900239971883981404
.07717167571658849127
.07534295271107527522
.08649503128336813143
.08199383612427613272
.07388799978083042439
.07593359591603280507
.08554958046887516722
.09189200150571647166
.08535215326721807333
.08477774633780665779
.09008299301840151518
.08802756648311662360
.08339022296878351082
.07631945254877966730
.08584442532380894699
.08256906225369442417
.08013418496112627378
.08202797393439873204
.08353202514702289960
.08104171084415337627
.08544144606796754733
.08201422211788986434
.08114518520567762009
.08223079979839622126
.07730327146851270479
.07914762642169811030
.08240739783266537198
.07679469598883416962
.07625653530234993566
.08161572831782381802
.08323787862652121077
.07817066998071119722
.08015317428587582352
.07538931137375946596
.08320806511807425149
.07579460050503008949
.07576198022934645701
.08189570670705904646
.07865617356511411255
.08040084127811853663
.08106409783450521462
.08424200296281812323
.08234629356985741489
.08325015319711603995
.07860684698109353532
.08034682779569796445
.08273830091741000115
.07583813897096929760
.08085156243599999947
.08431382397325701434
.08000907566171552031
.07348839133157469446
.07956896381539851596
.07934799468567497179
.08272971946160026827
.08254995206337008945
.08127080482640413232
.07876950518573748615
.08095874334181764904
.07572776184217400104
.08449361823050381204
.07925048302584011983
.08550837873738180187
.08369198402049665277
.08221186419167990929
.08274019447808163235
.08414159052918843199
.07880751069425320452
.08284572355437722066
.08603391568605516117
.07973234721349117662
.08176803237156118975
.07856825057421220155
.08135432293858054664
.08638985137428858859
.07848678717680713172
.08269629341541806933
.08617195760196790643
.07845745713065931231
.08431406570440658428
.08302104578535697447
.08492901631940420255
.07816737975117538415
.08731170654268186476
.08207619929873793510
.08665402323224360484
.08180952955223736280
.07570366930426686367
.08357739002609219170
.08040273483879016783
