.29659198872824488102
.29490657574663185237
.29275411863951159442
.29481017411085692954
.29769306634852822210
.29604759391811719150
.30143662831260246088
.30567304830446489215
.30107468754733440011
.30122449192100862162
.30168964278428932047
.30048174148376289618
.99999999089777775707
.30223711414553512197
.30441448403493429256
.29883808039557820962
.30309184922303567468
.30506045964529313484
.29841731196795406102
.29857909486609998477
.30311372186308544709
.30813623707451445948
.30152418258835725105
.30496179155617972124
.29577287064638093232
.29473597279513252477
.29442489524775798386
.29627127192751507212
.29853673312378136605
.29796081731802639319
.29442801730998731051
.29759722905053236122
.30129200310338446929
.30188292847361804169
.29381679398415199343
.29396047256225671979
.30093937391147093086
.30172566027770461361
.30092893366255828461
.29858276306166388751
.30058829209733869136
.29847613963031014885
.30009366823843536951
.29681884341320554591
.30174708690886448222
.29792569184239090766
.29851432345261926048
.30171167016211722277
.29695599569796208799
.29712428668501171015
.30282625548020907914
.30215322806534423454
.30317312296544283982
.30413433583874124422
.30438528410597895762
.29521341165844118565
.29449534644791829948
.30186958461580989922
.29588147836218363077
.29793127150462582672
.29753356810816527499
.29539368116996251005
.30131515005454825257
.30359600310862734930
.29507109841367289951
.29594130726898644143
.29962859929515485707
.29694382602682328412
.29760376444610278843
.30020686347424850711
.29859527861724792290
.29889172889347806753
.29748772021472761223
.29851592544373401701
.29843957600356027962
.29671641610630580021
.29916908270744253488
.29703328266702684767
.30291167073373677963
.30190365423366520431
.29551332077912364551
.29547499132125864692
.30219741935433368316
.30532324990366890645
.30327220065455718549
.29998307623818371127
.29725164497863485436
.30092391833810242751
.29696807434687846252
.29817247129184135690
.29913817156070552818
.30064117600857014274
.29772019097081216790
.29654948135037037534
.29917191349856008761
.29730627651653694923
.29503529027136919387
.29902041611154868022
.29576484248636266380
.30371860094001743859
.29818221977186354011
.29832102866106829634
.29847885209253854343
.30052525010608412469
.30331874031688531130
.29540156369442489161
.30184279677574894200
.29684162627547961180
.29951984594379627166
.29721105816965360793
.29685813770662829559
.29826683402983386233
.29821152892748579028
.30045635538592735093
.29638433062999456571
.30338079926813764101
.30076769689774693695
.29812073426061251530
.29934874237007358264
.29539052269884421166
.29837559648341469067
.29933164839670135102
.30367031365101866929
.30183816374462728817
.29794327733576425776
.29669812063959750119
.29716569269399482071
.29666807420397357330
.29658685507489986578
.30081821423119522528
.30005879762502268616
.30261712282195540838
.30269063236878935011
.30178329554894687699
.30174409227774655665
.29759021123718305846
.31500936149904352484
.30025892818547809436
.29642781194564906541
.30248791677721694840
.29712723580501842104
.29866477408407273037
.30132573593901678579
.29970546756199644175
.29741821564568056183
.29928576409437471652
.29967085181080656057
.29565030922387981477
.29928543641437397087
.29682784551100380846
.29758586947717317855
