.08724090647923687127
.08365520869031111376
.08072999981063420150
.07734552841160739923
.10526080152309464319
.07972576745535641938
.08932885733530978197
.08543472480786346525
.08696246158441710625
.09004584730005034519
.08752377980307500376
.08892436249172860284
.99999998812753614379
.08652564989421931516
.09068200953085780986
.08573601232314258420
.08548071873284243466
.08380682005375495461
.08492249922725100876
.08746313525769746742
.09251593715026318582
.08293419396032329432
.08709729715643211804
.08904693380858014653
.07576263216797779232
.08118837189519487552
.08023443129681201195
.08119485426046036785
.08514864591878415523
.08308275410055608840
.07988913255801791116
.08767805059842263633
.08822658217350739236
.07997449557314408310
.08307970287734504165
.08912279885262134801
.08697502265117697968
.08303356648279979767
.08647275806773988596
.08573398213182317177
.08626324469806929400
.08489569120386367966
.08328573761510576318
.08039266749508761968
.09030289801500121426
.09446651172705585514
.08631675389266924628
.08154631480799584322
.08827806117678793222
.08951264307580396022
.08551923300559198984
.08343723025391104189
.08422292616698751011
.08073679085995995537
.08603735920074098422
.09702088419818395232
.09131445568047827984
.08722701569652510199
.09101369055360883426
.09401770884836328885
.09045171934943884503
.08491349989964799926
.08480012974228502070
.08242131539419874612
.08691377261014277647
.08673751401173343731
.08671470700866565201
.08131081261494400086
.08648311085622250375
.09125616188294427369
.09014017402538795799
.08617437930610553920
.08935194927751011638
.08555646505224507402
.09905778345967514684
.08791909723209533019
.08828798655657172634
.08931306695838101859
.08367431148465576059
.09004048094638733688
.08631474744627754627
.08159825683736677538
.09006502132917812929
.08300739957246070408
.08797043376580959548
.08471461238512871799
.08727027895481714239
.08647136898946870903
.08838681294571084389
.08582896184267287629
.08690148461005159595
.08601323435418515927
.08963293487959511100
.08406173372521170533
.08693158130592709607
.09135052422567345513
.08798204503546097186
.08643594155732176924
.08425512428896555995
.08035678890931414380
.08464862523101588578
.08945450362030008484
.09267629851956905569
.08851780183943644264
.08858933343417012636
.08577510834662109382
.08414957808528382580
.09025367477985335489
.08124427932749378284
.08509057769806341713
.08511860858522793617
.08699055183390090637
.08656076864230599341
.08441053484084338897
.09179278537678124802
.08445306200637634417
.09140485262027948611
.08227338449455033133
.08564866660655242468
.08404163364390313661
.08241573533618632598
.08877152826450757205
.08721787389935581792
.08403243248441457148
.08791215184073944555
.08933118433822559973
.08580072912362280162
.09058964176205647221
.08594511015657820870
.08856512548036730792
.08276979595330631201
.08819989287475862539
.08467314186887896576
.08909716620315578401
.08649862816648257423
.09022862388111674533
.08630325490126473203
.09198896596954131271
.08461358959017620102
.08831874811042317439
.08278342554181324461
.09093957076175449609
.08395319566063820549
.08166892174223895554
.08761041317183379050
.09137094486350614160
.08141764104472220602
.09036383937197515592
.08735073864237069834
.08869772902917735164
.08132540387302328671
.08384141641343195948
