.32807961529581410426
.32986421792712383663
.32798060678340856539
.33583588284758377615
.33046873837759995240
.33427254613718034898
.33202113057595855084
.33318806459673831259
.33315001275658245226
.33722652400527984233
.33668545878706363920
.33032202784899902607
.33473255970706456457
.33456101103436190120
.33659811568270588184
.33818106404118963832
.33751486602246089123
.33476851439521183497
.33227899016101474370
.33208215278420849781
.33203387732801076154
.33302068565205272844
.33979743575981029688
.33400926344810194309
.34232408613815945683
.33078257389888542269
.33089165037933219996
.33185055675125988046
.33550648252623455243
.33187985953537990466
.33201213575992170808
.33480493602736101797
.33262412731442842548
.33145891361365571017
.33125078766080322626
.33336962389348197947
.33637979068981162267
.33141216186946421502
.33084860141915587142
.33120587092461924731
.33298482107590582713
.33249707758590802980
.33026251296875525313
.33320204014879555645
.33366056277467366513
.33144886202961453888
.33339769787759697051
.32779217439863674634
.33351966037409652890
.32941239635727317548
.33705190333256459606
.33338324718953778049
.33878177521165015127
.33389231445562292002
.33235783816133770511
.33168007303856157917
.33131064660504840850
.33263940539449100450
.33316054766862560326
.33548599433415063280
.32921143840445005171
.33302136558805551345
.33381651387931244085
.32266067280961811583
.33205035963207827306
.32995649261550179376
.32928122605273590192
.33481631471540762508
.33010428448810714927
.33259293217830065021
.33039845101731205537
.33112009249226789885
.33260776789036141728
.33229709448108889900
.33408011605639215537
.33388794811960503550
.33157977019015073870
.33056811553000700122
.33514866415676892839
.33700453718837058433
.33572295612712122830
.34001083736068438983
.33381626811931143422
.33550942345424659847
.34027140030575165566
.34022106865754549723
.33753281469453440899
.33051670253779641360
.32713914911596195478
.33340924859764428226
.33111595553225095387
.33154565051001098449
.33654269680247888611
.33629909129748107796
.33228518331304011086
.33573855369518511594
.33730646154160726648
.32872072121844007412
.33252414395401889364
.32752474655754136190
.33139245191738348306
.33121871598067186066
.33198670779181755512
.33853905444265596700
.34233852863421861329
.33323669230893749170
.33431815919336718006
.33018931744845544427
.33428680840923876725
.33187121697534450474
.33302973781208980608
.33465247471473653644
.33402184636015348270
.34030260363387946449
.33645018454609995591
.33275776341097579894
.33187401044735594680
.32835325267293492295
.33475094255513986071
.33436935100157686171
.33316067054862610657
.33497673865206472152
.33823200189739827978
.33661781744278658025
.33645149526610532461
.32954429574981343540
.34020221067346825492
.33483840853949812138
.33220058452869359423
.33811152215290479474
.33625124182528508652
.33561361750267337730
.33261487035439050898
.33555766614244420052
.33249626657790470791
.33155725038205849757
.33367610299873731789
.33602441353635599785
.33297085371584861683
.33562836310273377527
.33104691335596815711
.33674349910730137235
.33261648417839711920
.33400593749608831999
.33497419094005428610
.33352027477409904548
.33775311395943675478
.33172539118274720229
.33179096814301580552
.33522262153307185780
