.07828102750905223188
.07150460509687844846
.06862964424960834336
.07554903861993371149
.08189124191553795039
.07421276532630503806
.07341410281258954611
.07791211444172281612
.07705004297350744563
.07886438414167917432
.07338382115639479450
.08200525443504101850
.99999998562807014962
.08255332797988527694
.07793512390141327522
.08328304834610849388
.07750866562696293615
.07909739624034339255
.08191054341732701134
.07851589358666714919
.09160491311895338778
.07553024013568941386
.08563347686962926371
.07693453577329993796
.07440944518630749452
.07370282051135383896
.07936582077415894820
.08508724293180585397
.07487923482925673065
.07164335170765402132
.07485493189587973731
.07407851712957263429
.07581736255024031448
.07109928793123801903
.07196621711174281811
.09189148940016997394
.07812803831579493200
.07445396942498397315
.07251735187764520759
.08169049479938783628
.07952682950427276038
.08472110364693756164
.07237015457211761103
.07203755937152010667
.08029535408109200453
.07865096098340102465
.07795497153653665063
.07909940831052244581
.07109550811368736897
.07928788179858033503
.07311673321205532423
.07338765846166484608
.08226468214077023599
.07697277947863180033
.08208537794395688950
.07376385809742840473
.07634295839679857790
.07859883399383369476
.07911791935616973583
.07482648984670583440
.07345730483371978974
.07704453852437474992
.07584021391870241940
.07987283371542066970
.08646529542550958337
.07722053717732250890
.07169230250072441713
.07554617860589348578
.07483277038005045065
.08540293674289931093
.08010228157548199357
.09479471983345577739
.08345736548326375835
.08037457215842730157
.07357710924095256117
.08098021965425218409
.07714698164034826176
.08120305642658233295
.07701224479800094505
.07776082113618786113
.08088092399091590556
.07098615209945582413
.07924937939851116580
.08019709319670495340
.07855551699726464808
.07541165734249392477
.07559019982702520110
.07450582334788414581
.07781671357137599070
.08236969783218696594
.07849436443575127927
.07972892758182881026
.07514770247886183744
.08193309297526225826
.07681991963274315387
.07382548493262683609
.07956949976399853993
.08125183475649452420
.07862302195177188506
.07727332527566295629
.07696116695931269293
.07689580342235316264
.07744435124088248364
.08764715670482576924
.07233316122468273175
.08284997898392697979
.07712645852452191848
.08056498585701499214
.07381628689752259261
.07544088984780959861
.07712086784381012048
.07544510082325576008
.07681852555554766697
.08200294055433510725
.07403394977510660451
.07728870324060286337
.07534839210729255004
.07642538141449050977
.08091185238395392429
.07495570786799060502
.07532960799497810279
.08411380337917988537
.08121445336695368465
.07597965038211081052
.08217408149499343764
.07759177849728768629
.08530864251115096480
.07910313064035369435
.07600597975759670750
.07637293824246647151
.08777038163136293122
.08499349483339182230
.08342123445161990190
.07773259466596171393
.07630784777217409846
.08533761632172933178
.07659277128145789087
.08210981022470253627
.08006077544207409483
.08499307804742616127
.07637256457229036162
.07594259954695652972
.07826449978972429436
.08172503054681830050
.08078913047496152563
.08092149594888352957
.07645836499349713291
.07799821667345644540
.07805024305951482262
.07196342895735184431
.07707849939461119892
.08253309230265594126
.07967902824138828934
