.07757331051224151813
.07671278641356177727
.07125943263299621130
.07688927850445875395
.08642450871665218807
.07307523496476711783
.07286532254756396618
.07904840149198773846
.07672373942109380557
.07150214339131327592
.07797122933158376484
.07226173901477060094
.99999998482962945703
.07956894241642885594
.07925794982029785870
.08131483968073773148
.07734073356144716112
.07754389516375868868
.08047106367113743555
.07907910632196672082
.07877974940004218577
.08214211032718727010
.07790801439753118604
.07980468997466669483
.07987442816805275309
.07268056260472106786
.07133262967086606796
.06922491906910722734
.07413825316945449533
.07443231563205953194
.07839663686234988312
.08221984330584947643
.07418241411810509693
.07276193647231358831
.07275988847229028662
.07801716521358789458
.08087150077198981620
.07332961173803173059
.07199715258213056568
.07825001523105202515
.07486829691109410412
.07812677114076089239
.07210296591666781962
.08091085271317829458
.07795631685734001995
.06952712802069384178
.08151049194963048619
.07605645550239048631
.07358104545941100612
.07778718239615638638
.07702540223934087289
.07376937043933150367
.07592483736755963109
.07216335916179940499
.08089431700928645131
.07277182755390760832
.07641113876568525292
.08043436654479397788
.08425115592155389256
.07492633874879152829
.07060472495147301871
.07313723626917625859
.07349106999172061858
.07666050931667068379
.07330115212289310860
.07278702826519166975
.07204644111602469300
.07192070908496451226
.07500624109044138012
.07427492303767616138
.07541993709514832132
.08757228378156316955
.07777550121083829526
.07383199372893290643
.07833971763207263914
.08146168886759373408
.08515993696893083841
.07766026707619385355
.07516870058858610448
.07614241082188698536
.07761847270534795612
.07210992911674704536
.07460266372288660355
.08091271866875508056
.07451584369226915490
.07443451533578826338
.07392338004108379069
.07826902370534237342
.07820245611939979704
.07741145782891851278
.07659260673812032556
.08050487842707772789
.07905104113646221619
.07824749694954189122
.07683411903716449512
.08440170667882238118
.07643709526968428396
.07782964426330617473
.08840832290218654799
.07616354314805335019
.08007237116289749709
.07629590463104081121
.07605883725056573346
.07647018184783851347
.08257140147281239010
.07845105298148753615
.07329039633017813899
.07298885487489541547
.07990489027210304784
.07928018958351386075
.07660099595303059100
.07482595640690865957
.07438768440192209809
.07720219773764870908
.07934058282864544611
.07638877763950490707
.08277233303065410026
.07565445585337217920
.07679051939222398361
.07531310734578468803
.07769849640996215175
.07760905190524076835
.07833546992832060600
.08005330200712497692
.07518842207029197260
.07691080526025923615
.07468330941269306117
.08693308021873489790
.07467982022746817682
.07983858058245970204
.07865861399125652660
.09129454657946980405
.08411971983116955305
.07916046501918869830
.07191755364789157336
.07979813637459212942
.07628844080873366728
.08197596442900060269
.07677425675500191390
.08166079998097028720
.07951020274168645490
.08415183550560903213
.07573642136541587569
.07968144588437556207
.07618318877790650343
.07402723639782100080
.07569370160196685675
.07733248087987178246
.07375850845402273323
.08016930983066711037
.07446632760281688295
.07857358406436314906
.07580591683287324634
