.24073721290721383818
.24474786008867527968
.24352813954939435666
.24021152056179331932
.24322033490027439495
.24408823829498264769
.24171957999771833295
.24178960209329786926
.24655469346891431482
.24477499121261710001
.24465515395488989358
.24303912590891459491
.99999999024761900007
.24090782106042670841
.25000877226670944192
.24965367832212079335
.24281644004116206954
.24696782383283357908
.24417591220017206711
.24911791176712734119
.25004446598116920555
.24591053895148758042
.24315062488088685657
.24800391679026671807
.24202692628493129770
.24392704118943471514
.24047766303928155692
.23944311095804640772
.23791521517916752545
.24278361352671628692
.24252216194448901825
.23973218128326549350
.24312006091883305896
.24621964066728053354
.24079601976464344876
.24265388735465514596
.24128044003367224093
.23800374729388493919
.24401300842794914586
.24323900095750827134
.23853894821078039509
.24630471068674297021
.24054595896342410466
.24312341573789703675
.24309844964253720207
.24646765346848989120
.24556878626410684350
.24436425018204281994
.24137266830078863020
.25174481311326994585
.24980009081807282380
.24215429238079045428
.23993065198899517923
.23811307148489421525
.24071080345946601306
.24896586239495734806
.23974933572144437990
.24274855371702151908
.24179654578856982328
.24026963500017193448
.25247867978351508619
.23653442431529166905
.25051715413585507541
.24207010007561801180
.23655281730585754725
.23631252839040013844
.24113400803295821060
.24673707274599410711
.24182439858870563884
.24816055953388768078
.23850248405822163656
.24355507562571617829
.24134109984349183924
.24061151446850567056
.23959331713020741306
.24985800045645044033
.24353461513037831378
.24620256424814964662
.24445711235392420501
.24190848361768708203
.24269349177389588370
.24062490448761858189
.24530289734852460422
.24424128241001463423
.24141990883435231737
.24065317664013739467
.24089300719368780651
.25047783253566333580
.23558671718686094476
.23851937518211352470
.24445390382057522625
.23694720359349493562
.24228893375287556269
.24196545702748870475
.24594158078021037486
.24930520624423110093
.24467734062166474666
.24348381497774965018
.23841504421017621558
.24126849336694732004
.23981134135984196930
.23793020458876442619
.24107000315645563444
.24540437087282893226
.24412406854277641042
.24117882997603391379
.25109760610059023166
.24644202421122206092
.24427170983873443274
.24150972826336172258
.24241829908683970603
.23901015400355427477
.24518435715747038919
.24455427532582656159
.24596244112316923672
.24396905444678243693
.24540756965379691108
.24019967141887839778
.24443756858240033443
.24129322540516315627
.24162662030202694853
.24334014290085860158
.24142203485341030329
.24345875135857981615
.24417943280971304380
.24508986633796201491
.24179598015047182702
.24573544470301473989
.24114360437586214706
.24263221756407328946
.24522763822434810258
.24628913613428607335
.24436675654395980334
.24438283822022869685
.24684107213697741843
.24726797286286859149
.23742490447201477229
.24514697628109763673
.24004691012289540937
.24924316159630951179
.24152026083484165284
.25083226331834398876
.24010719934223701013
.24373044294085701701
.24291100887971844330
.24621902626727753761
.24039338296268011502
.24437355395351675833
.24869284448886415599
.24231119843869841525
.24174574563594115968
