.08604478978379884062
.08618589113360873590
.08591505190837439847
.07877881340002432790
.10871431263420105261
.08672342677261247728
.09005492595613923583
.08784958102249689401
.08757406065436432666
.08556386086529194451
.09312720685167651271
.09068501949309822824
.99999998829714275443
.08626863033433494968
.09247377781736984416
.08932006844111785787
.08631267988900729320
.08149494124100702713
.08551527060200831797
.08633010544344595407
.09028313167242794428
.09245636396578842887
.09252883976071027356
.09446081765195323380
.07857178985535010982
.08766060328369535226
.07638639829331147303
.08151435628117743571
.08866150185248038198
.07871684677090900938
.08415365486434293641
.09134715545319560444
.08192115930189086108
.08408165888656816029
.08539750474954609884
.08871637655010488218
.08742696744164469709
.08626529502001996087
.08940817925331979048
.08286039551584895722
.09284952145495351403
.08471208010353002880
.08261427272511727375
.08372089490625882615
.08730470769200017723
.09466984238521644517
.08448612133583247070
.08589618690249453190
.08548348564172933684
.08808547551599594511
.08654363577674871174
.08330709357691254706
.08603875110946012403
.08367683364872923706
.08736278897250996493
.08735212766955924629
.10019726570230285783
.08388416146769184009
.08440704512942412183
.08765825100938899172
.08755121667702096467
.08638011175245629516
.09360173430727007941
.08184524286693881740
.08196883674230933278
.08804572090993272753
.09344346486588092591
.08728450856039431514
.08708160442147053938
.08759462257454480157
.08660475980014234888
.08563713245450648829
.08399378213151113917
.08554188289938475505
.08895427223219292657
.09545406255209965761
.08687386700250434124
.09747487683269377609
.07960558515585245029
.08972772577041021020
.09126585570391059635
.08336642706314761126
.08888734359160548433
.08601762745213186153
.08897773646097030403
.08960057422643704007
.08621164912240624602
.08832747890097718624
.09045050593675415497
.08626918036862549170
.08453241783909596458
.08451328366749944980
.09658136368199414067
.08394374071392906136
.08736448588681057327
.08473665610374573586
.09293969197003066781
.09273649525967575268
.08952018730001718682
.08963963836392276873
.08420707840766898534
.08542318081834288993
.08905424974164187202
.09320565110379360055
.08718579495952789176
.08480157185288693924
.08977408078795993195
.09035408609590786425
.09006029756761495466
.08624225209410342410
.08503007014060678707
.09074732550507366844
.08769338298684020725
.08733508830940968940
.09042367128509005197
.08666562636067658338
.09040671384494121410
.09340066751693385890
.08777144104466819112
.08678127399597735348
.08660307458869898611
.08730906115489553106
.09323730733264288036
.08512727407288853130
.08709753201018176668
.08855770921156937914
.08781291597074650818
.09169378238195228423
.09347829256904375650
.08857813069746290716
.09217238243186731095
.08678453909314886885
.09268652405923714832
.09007586236775156913
.09184388322898402652
.08662264176601358716
.08761818042618014363
.09034747398156411449
.08469057025191266233
.09190643500096162378
.09479317879772755791
.08670931312677431408
.09357314422701914019
.08817666417965346389
.08724941169151483634
.08948224663682703334
.09044431512527124590
.08942830816778217912
.09031368783269614007
.09056511201776006892
.08744831345326062551
.08303758847740420516
