.32431919926023102155
.32630391171575663147
.32539334476512415983
.32350769450599071814
.32889773423483795654
.33191382821199846866
.33015290551112707603
.32760892346896726149
.33533647197905030196
.32673598742921904976
.33283857429463851114
.33247463161991929434
.99999999128510632602
.33414053583506324700
.33222343352466039955
.33072588362551045638
.33050754939429615264
.33466030952356695927
.33206980737897542185
.32906860715510374720
.33427197386145426320
.33873711063957532742
.32846351465753173836
.33712394024605264774
.32825463608595370651
.33139912659161301466
.33146904618355938272
.32560492495374112651
.32833422920987819603
.32463747589209856584
.32949498332810338040
.32636926470341783228
.33437897532598343022
.32725471533048188404
.32953067081769834203
.33361663128695806663
.32904229689110199160
.32726017085392179759
.32975900974685037861
.32774081466982932483
.32741541796983013618
.33419642444819450193
.32597244073486667647
.32569732025647269751
.32814306801713937224
.33050404600703921135
.32589666473437139163
.33501516256418421149
.32502509693292999528
.32963912766947106426
.33027987279706333880
.33706921942867370657
.32599079430094408531
.32691307406867439051
.32496441512827804952
.32672871049300127370
.33094937707377975824
.32948022029821965268
.32894814117984827597
.32959176222235296500
.32806651639110710288
.32566274827326800574
.33011713087259537456
.32470266329677996096
.32680891365948294205
.32857969290509960980
.32831175349909299309
.32578704008684635564
.32505910244804587813
.32659646198149857704
.32615724005522349245
.32683070960856157430
.32562021959213896721
.32721623036001757376
.33306697422804626560
.33176993660254733031
.33147778722191438797
.32673458433133753844
.33019870227738385829
.32771574192072927486
.32962909682685230948
.33144717180043768462
.33362428296360382397
.33260046596967793928
.33210932070689326216
.32736834882909695235
.33050915293473216557
.33050239889213482851
.32836569869093494975
.32444988780576607520
.33026198983524432506
.32582672771263767561
.32976152835112215978
.32603211161185244016
.33242145333872064821
.33250352149244854899
.32826196531153352647
.32988696181577180149
.33019371735820233984
.32933371422066631934
.32778106004881577973
.33393816728905968067
.33071956532759681849
.32819911349835675887
.33082430963466442383
.32773207363147431957
.32764227536705759560
.33122865455645622723
.32845060790000056909
.32973092164453913041
.32603061265014051503
.33365861964467931819
.32865133804599342655
.33106138088727779168
.33190927032260697539
.32438815149897957746
.32925527146270679561
.32978746387469593410
.33072953516595985539
.32994283299911570846
.33073100798299075857
.32591033840254587144
.33704892244130699945
.33128286991000207737
.33122702487133919236
.33101779770401420117
.32805528289316133840
.33205003328522915373
.32693962834969901764
.32670505827157008301
.32446812807822572225
.33311703257730962570
.33058867633950726323
.32543796502073495435
.32784851332585241051
.33417439319698667214
.32967471058034193810
.33135071535725403740
.33427991312959126199
.33105360720212059857
.33002051756132559564
.33002183351027036712
.32973249032540044741
.32890062757953771899
.32468388270091252694
.32857902185828671309
.32932266373548770851
.33046353918124253695
.33130952005485711832
.32547650228056130853
.33149760489012902601
