.22223860067212762705
.22199995372519012833
.21773416951941412095
.22811501200387749340
.22499578811316021227
.22748613613889220343
.22425996668693220949
.22666305992220237405
.22482143837613939732
.21838777123811970183
.22378421129062203016
.22671260154183830239
.99999999000975607261
.23063636974676010396
.23008980350149258241
.23020297298470205936
.23151044615869926066
.23051085232205637263
.22313285737680011209
.22875683522499268115
.22675202304437578439
.22747680525106402092
.22475331490279852308
.22455905460963041932
.21975690419763675585
.21594808373934350671
.21979652550505278566
.22282859450774751409
.22659170960007295276
.21837939941370854878
.21919013767914805118
.21964443403150219622
.22526656368456819809
.22393980933979113358
.22407887353526040610
.22160112320712085406
.22082923700031497242
.22651068872182181769
.21798296655418184818
.22073233163421928682
.22094164722498596771
.21806431711048258713
.22060923184854598394
.22796439908642815772
.22565915030018285344
.22356078947542987421
.22720070487964273609
.22146512601653729035
.22303111673264356960
.22132445339179570799
.22862893013199030355
.22500560852294083690
.22855766972205622877
.22113252082546268616
.22039695914557679553
.22876642585916297581
.22698310737666024867
.22735621301661649300
.22645442366802275570
.22176642178314345343
.22370895478311699927
.22101328726418928332
.22595659982287697127
.22787579561303613344
.22120628878662253590
.21654666918474094938
.22809881781847119378
.22377792742719170168
.21971542470485023146
.22348597253865764849
.22231578529671064426
.22517472337214369935
.22269592406839177134
.22240729593108553911
.22595597043750954568
.22705854370855597258
.22275357776609674057
.22623282007722538478
.22057630400456130562
.22341394287994116466
.21993192328100070596
.22492384836663907495
.22471486245392199794
.22605968914996371144
.22261412395111429982
.22201301097400322741
.22279731505401085516
.22043772933104447521
.22158372020219934022
.22352703244119922249
.22185210810530867976
.21852632593114867745
.22452026249246036291
.22478435459068092464
.22885111315693546311
.22599428302297108736
.22843321126320880082
.22912184876736773937
.22150207992882470695
.22101473584955875491
.22091881951761188095
.22256123559976269575
.22409656625725581427
.22662005192209495895
.22655470573656589921
.22294279298608151224
.22802360127194187245
.22344600157270416003
.22674476013704057166
.22569008009538205371
.22200360016422362578
.22380192399310529310
.22313983056706143049
.22459315131215460231
.22122600952813520429
.22745190956319696438
.22406485722303027756
.22118965503048343111
.21984130177833534884
.21601888459805692154
.22354318666562981256
.21726334930360407241
.23007958348195486216
.22311134838162444084
.22735215697758197255
.22594644973504674276
.22308645269375738429
.22823371608222274456
.22647793071198390500
.22366586686105816504
.22731900934823089165
.22816663159425031891
.22395470479348687246
.22545008446551435730
.22074755676596462959
.22586497929581887512
.22485018030791849912
.22620401820398271864
.22576276911019774529
.22918271932361732827
.22525442553819641891
.22208588980345353942
.22236984250660175300
.22329321078207865328
.23053390980504078937
.22302594178628918144
.22457637769260051405
.22951346632932143786
.21973037010976560730
.21958183516305316880
.22570884177347769263
