.33254684160000000000
.33616284160000000000
.32879616853333333334
.33287014400000000000
.33259770880000000000
.33447610880000000000
.33269921280000000000
.33451222186666666667
.33686545066666666667
.33425643520000000000
.33519482880000000000
.33598054400000000000
.99999999146666666667
.34076760746666666667
.33729180160000000000
.33819976533333333334
.34203041280000000000
.33986769066666666667
.34036650666666666667
.33330423466666666667
.33908413440000000000
.34061776213333333334
.33305235626666666667
.33787233280000000000
.33520645973333333334
.33056974506666666667
.33479840426666666667
.33302219946666666667
.34025779200000000000
.33995447466666666667
.33000017066666666667
.32983762773333333334
.33319111680000000000
.33365000533333333334
.32782859946666666667
.33549958826666666667
.32995169280000000000
.33469737813333333334
.33068672853333333334
.33214907733333333334
.33349310293333333334
.33920317440000000000
.33527370240000000000
.33420413440000000000
.33872357546666666667
.33491741013333333334
.33726625280000000000
.33387679573333333334
.33631238826666666667
.33536695466666666667
.33619268266666666667
.33623150080000000000
.33012945066666666667
.33224877226666666667
.33272774826666666667
.33094215680000000000
.33164999680000000000
.33526080853333333334
.34151502506666666667
.33516992853333333334
.33754510506666666667
.33327698773333333334
.33625094826666666667
.33409904640000000000
.32961710080000000000
.33763000320000000000
.33650984106666666667
.34046071466666666667
.33703590400000000000
.33169880746666666667
.33536640000000000000
.33296087040000000000
.33150482773333333334
.33055047680000000000
.33689309013333333334
.33671998293333333334
.33279197866666666667
.33305530880000000000
.33124435626666666667
.33385675093333333334
.33790813866666666667
.33689858560000000000
.33482991786666666667
.33815654400000000000
.33239437653333333334
.34079996586666666667
.33319506773333333334
.33367882240000000000
.33904004266666666667
.33329608533333333334
.33143010133333333334
.33440171520000000000
.33519070720000000000
.33338473813333333334
.33500521813333333334
.33383036586666666667
.33328443733333333334
.33830080853333333334
.33193154560000000000
.32912289280000000000
.33318084266666666667
.33304048640000000000
.33446244693333333334
.34766297600000000000
.33479896746666666667
.33667267413333333334
.33200737280000000000
.33336060586666666667
.33612900693333333334
.33564974933333333334
.33582487893333333334
.33555550720000000000
.33053833386666666667
.33285121706666666667
.33373820586666666667
.33316011520000000000
.33386314240000000000
.33435119786666666667
.33580929706666666667
.33338519040000000000
.33226438826666666667
.33698382506666666667
.33610094933333333334
.33974144000000000000
.33798583466666666667
.33220790613333333334
.33890702506666666667
.33580038826666666667
.34115659946666666667
.33403502080000000000
.34124062720000000000
.33921036800000000000
.33515508053333333334
.33863489706666666667
.33494720853333333334
.33548478293333333334
.33603411626666666667
.33446632960000000000
.33562671786666666667
.33881900373333333334
.33944462506666666667
.33462281386666666667
.33822662826666666667
.33097635840000000000
.33532396373333333334
.33483801600000000000
.33298557440000000000
.33262002346666666667
.33326811306666666667
.33468683946666666667
.33172139520000000000
