.08087689925670732361
.07630010682368121542
.07443049735479016673
.08147568245082173303
.08292101133075842734
.07661145483992207666
.07564238023841997072
.07767720804569877345
.08581247528746638550
.07848926931208108323
.08205200916214095504
.07685190954741982165
.99999998699682524888
.08218802237003768945
.08450860794564714565
.08720638961443714406
.08120402012392129564
.08729013005983436869
.08149621446375375441
.08451275595839275351
.07979366978406511907
.08188460629039501253
.07877674349947888477
.08631667338844113468
.08088009803769609958
.08270926763311115936
.08296051497565233547
.07764056509925011212
.08171275633288418634
.08444383913221180778
.08282664729158953617
.08048612784908661020
.08681927209892149589
.07747659506563846577
.07867920668567071988
.08062085374268298354
.08515047065771202171
.07900732879734052829
.08090442697765544854
.08074109409960660716
.08323308752478535140
.08258956040635233174
.08048378727763140827
.09048317664854509559
.08559374888497776510
.08323994019787919261
.07979554224122928062
.08175904763499818008
.07816112119406177257
.08168905154531289124
.08426132657140506169
.07427640973398937298
.08543413491490774456
.08183561032793278545
.07495863430048173122
.08860060301442717843
.07818279748637189268
.08808753674827216415
.08655383829272684585
.08850106371170734078
.07815337130191010396
.07798668360477547315
.07680833590882881238
.08456792842886176346
.08093989963837650891
.08201324669820786085
.07298561058279501057
.07729570790167560991
.08083597826576554319
.08303891111622684902
.08213734899803256765
.08863874132597221877
.07953105766679146247
.07585197841223330359
.09091447895186505576
.08367150256469417522
.07796941538870598335
.08081101217024338927
.07671925115860887668
.08335872419923069058
.07600815954416902796
.08453694186342984013
.08185386678528336051
.08651636314309411272
.08859481660166292921
.08583372247500971858
.08153023076890268913
.08319177643860103733
.08493781673783217521
.08274890130975257872
.07937192481418723345
.08342950047940104673
.08161961459214190063
.07969810945281912470
.08526751223364686936
.08292677173717317431
.08419083636107923022
.08417172169419508112
.07892118276461434613
.07980565871118565340
.07778103839608648131
.08160199529035413055
.08541244561942287334
.08296410385188364510
.08819375968281407843
.08816092666656749579
.07981855786053876627
.08254614280585833593
.07735453426424968509
.08154967051515561628
.08104570647132638729
.08312044102191638293
.07785862833982642531
.09375629678737323075
.07909086119194173496
.08500019296711330665
.08308006616431414963
.08429754041308693601
.08026565902118133947
.08053214608453083038
.08182347836588998878
.07833421945634870645
.08546426327080609385
.08460106051812762190
.08863261683066444039
.08649763857145249728
.08176237644773446727
.08436425970273494215
.08592378246333598841
.08568236552090666041
.08161306099206733523
.08050084744290488012
.08812260631057593974
.08606966508086882429
.08021754727460218868
.08161133156982543602
.08062653613004922378
.07852977420143082774
.08744954898228312239
.08271336363315776274
.08555319198292901609
.07900172442902279478
.08426574765082044312
.08035847568255484714
.07991197266795082553
.09063280418040625455
.07753358798057263277
.08282702438365731871
.07744696083038065910
.08486646831797276969
.08642837065955327126
.07502189474564593895
