.07360487454148556613
.07353840465321330546
.07167823082159403345
.07158798774922439783
.08042841735343479748
.06869922639339203131
.07422930155204321916
.07063045763330235447
.06849644162456142490
.07476315781022989440
.07178659459803789148
.07061010870521900526
.99999998361599993290
.07997209018356568140
.08266067182657811181
.07842681683323624175
.07411902084759150940
.07147400426075752146
.07812173036798660759
.07936968326909822268
.07631722936859537150
.07980512083888177496
.07282258769028131918
.08522832316509521169
.07834143980888653746
.07183158506222217242
.06597494401423337069
.08307897173229146822
.07049643651275340396
.07544691128503054863
.07125555638786275897
.07221488874379218430
.07412696708762405720
.07034535964813459312
.06826264194360378141
.07572537375017113089
.07770567507028244509
.06858758581693475151
.06657343515268479039
.08179389268702778445
.07531341445248374560
.07503883499535906815
.07929964166881133228
.06991847452638607167
.07830729555274668259
.07997679239158494164
.08420081698488654638
.07414163076768411963
.07085490205022167880
.07014398390330975807
.07629085112848732623
.06943508098840609173
.06883588533795178635
.07480293816239283472
.07407458743940951016
.07737350585292187998
.08236389204936250184
.07649022802530397400
.08051656327379584317
.07763065273397515360
.07123068547576088771
.07085559017822449738
.06553673754843847700
.07597169080718004555
.07095520489863251927
.08462360610661829062
.07002752643083274827
.06966041014132903994
.07051557302483178711
.07610259896771624538
.07319574967580979068
.07554165995741863919
.07477320120227103213
.07140034179645580000
.07040414544037537973
.07726756690848795406
.07613500651984898671
.07467235768185797707
.07906143469183563650
.08130700935703351033
.07122370589173229934
.07631835986460000201
.07089768067439690005
.07212780778343550069
.07482287749047450621
.08049793466571954040
.07271242167383007918
.07853735968168902526
.07848553708947675992
.07709832018779471949
.07040268726436940704
.07948967968558972800
.07679408569054857499
.07645549394516170320
.07285610935441862392
.07579620178246124251
.07431436728039164839
.07088534352234636707
.07621840108019057083
.07221339779978607739
.07089707446639441702
.06919834857143643575
.07738504018896912462
.07568660920601235131
.07083943555415832803
.07027177910383320721
.07701658041145991337
.07412729476762539937
.07494937835499265375
.08087763386727478833
.08031336890496355904
.07408821892746534473
.07024563023972610147
.06950505705269271369
.07078078083391807830
.07616236779996105851
.07652121016943087686
.07107187536311040149
.07648144620126800365
.07214974595952535946
.07918752595635210632
.07520034846802062733
.07834954988891975635
.07923544915654839975
.07382648452639328063
.07797802630339799574
.07431089387237742131
.07937071546110245053
.07820954860834631110
.08253549806606540008
.07786759814294568200
.07937055162110177945
.07919696314039076103
.07802229587157932389
.07814361939207626503
.07759690169383690934
.07259109815333313804
.07450535556917393642
.07788775046302822590
.07242098308063634670
.07948276563756140806
.07576531794233474230
.07559441643763472973
.07670852844219813250
.07025552617576663522
.07347663697296030505
.07292007249068061693
.08057793773804723298
.07086258614625315286
.07403978782326697093
.07346916586892970340
.07728419666855606956
.06820926287138514073
