.11943040507711881480
.11561381960327198805
.11830981802897158036
.11342700447691678437
.16016824482741408590
.12022761011933297639
.11734493509063179937
.12193405983131572229
.11693273160512207831
.11699448581890733354
.11546867531813688155
.12133607749623033337
.99999998877808217604
.11682410344058613963
.12361446347202905562
.11869958890075120416
.12330834077570923419
.12161999201717653675
.11436576279056238507
.12299316199170547655
.12111229001098491092
.11725625949598686264
.11850244224841986420
.12605255978229838523
.11288161927067229882
.11692309197771129615
.11854792468136037654
.11208086810242576567
.10971211202239068865
.11271874435537533455
.11063864966752599625
.11583454350495146925
.11781100378169653134
.11586029780635745885
.12037762471680368180
.12131814487154764432
.11285027645418997684
.11603391209701195341
.12113851563293950687
.11956468654580032743
.11806000691629239327
.11384349473503525837
.11415828075191517739
.11711992441634356521
.12273262272558658312
.11434187132751517294
.12051940242659160012
.11942342504423231130
.11445461793589250516
.11559282339502335775
.12002173281493459508
.10923396854774737506
.11548530620035199117
.11709795190124425034
.12304681398082183222
.12190965216004860797
.12361567543915404336
.11622842159865466263
.12230046667018586010
.11762746931568565559
.11749855192372399613
.12534266126075463717
.12298727048484789723
.11309204145178938418
.12045220558266172400
.11631389894671977058
.11696358065722014602
.11429523303703879265
.12070871618028181558
.12828716905666583715
.12011179992738970292
.11651775630590983899
.11270765710056526147
.11269402247040914933
.11562180960876264800
.11928868347692001628
.12587853028068440412
.11759137962796379828
.11437826400701827719
.11740205465235575886
.11547388228800719927
.12305693615069904469
.12006743968623158663
.11620411492464796395
.12373672626672110644
.12117476242751089963
.11636669807008150524
.11807782732179684271
.11114632922988197416
.11681460969810706895
.11022681650530446590
.11913365268218200048
.11265540785117690088
.11860836593076022838
.11654952555526947147
.11782563716253897597
.11963794322535514228
.11792920424213630842
.11663596798826744003
.12006998706157762569
.11428509964524375622
.11519425453966974884
.11679998753918244828
.11950518793749768829
.12410130393298593867
.11510798043543913968
.11539354457830546528
.11671828075550619109
.11473396513628435658
.11254993304554949513
.11675164351719682598
.11540545103311668748
.11533539260014170141
.12118123747409532490
.13378165568355125400
.12290664100528274026
.12477968008736218139
.11786614828588347376
.11848507071962837318
.12210842599046442222
.11511069613955253815
.11403520997913980140
.11895341746001136915
.11779482177619438014
.11933270706054341374
.11729813969330588363
.12065182105691433530
.11807093706425293090
.11810910280677222093
.11646895218529343430
.11615976590540767163
.11686105721598044191
.11282953835005129764
.12012330239315926254
.12043884027853338692
.12274406908176702294
.11851236242377624538
.11443963667559751775
.11516963365196397926
.11795319670244393620
.11649925136341812794
.11635944871116722669
.11764387575954428600
.12417386485363566796
.11402750052159474046
.11905968902180427611
.11966152047470328352
.12219683225908158389
.11211079695726226861
.11752853688814961887
.11343459049336578174
