.23041908919981619521
.23391520780552713058
.23199674009722166938
.23325757773080395035
.23376007303868788479
.23682756251510153259
.23627291476365107730
.23601968326391863493
.23561250138289349910
.23304842511316236380
.24057198755064716357
.23630727181438064942
.99999999013012044540
.23519697945364472396
.24012062808873562589
.23495800992986868254
.23656537903461306554
.23772586960276370051
.23371166127947255838
.23573197627490196521
.23638527347250067483
.24143768455626092405
.23368155814683102004
.23939410625472131858
.23286029533897208107
.23900175880266675066
.23420290492466424570
.23051842953753327174
.23537856549769030508
.23098248166455202853
.23068951402973275555
.23265495249483857117
.23680104214873831504
.23673471655813138466
.22826869906173667894
.24608517396141404146
.23612077057031687614
.23646898979088281523
.22975229000698678904
.23403940049996269680
.23007581478890711209
.23165527187427107856
.23062146121020376969
.24149416987695191550
.23784284741524485213
.23658165446599860545
.23836315785572484450
.23705482636172581517
.23274962437952632060
.23318661329680635669
.23880105480192390404
.23320060878601478337
.23634973203622455038
.22997477683190664389
.23347201073400724937
.23479279801600418736
.23924272204211282183
.23377806582911592558
.24441705574801107863
.23791937846131124173
.23586160727297211753
.22697366229549769949
.23408369651940375387
.23218883756299290241
.23550912426443859005
.22808755716227105495
.23294127770071759651
.23544397318949865740
.23273024980596063543
.23481009991486340595
.23425000398989880995
.23455965172116536156
.23716904060793167801
.23378892269662598859
.23424811884290388083
.23686235384053150723
.23147927218205340259
.23684940455855586844
.23704489726289388481
.23392973626823150581
.23178235644341614337
.23743754081133509082
.23965229243399017152
.23719517604899226606
.23891277196860245240
.23297098603817695074
.23372337682650387183
.23216676851230881069
.22729997038345242051
.23371906368913851043
.23630755804088773290
.22714254580455650689
.24195659347384416284
.23548955229328181283
.23432683113235183764
.23959497804341659344
.23604373616039320179
.23816430939233826320
.23455808241031617972
.23792256643240737842
.23093399094630026529
.22986269447968457524
.23365780134674309125
.24168088825836589004
.23506774325075675575
.23364555282621582926
.24039074695238599354
.23628979225768944798
.23765460907237946876
.23208330881079508996
.22965454858975755816
.23032906602839866367
.23288387448122802700
.23948734700687365061
.23117760918334652460
.23584320981748233803
.23669940212908501608
.23141152532879060941
.23456023404405908312
.23015775452896942400
.23344521401101650295
.23192013009211884295
.23199399627070548982
.23561878849616978104
.23605348760139314930
.23750054025253212007
.23184626391353219608
.23488487412236907627
.23185188974487831964
.24026714645072370349
.23673877307862832639
.23487662290306142839
.23701919609653369929
.23668331422541101362
.23552972270306904596
.23893328157831691688
.23684588101155487527
.23418104314145080064
.23351185543776918061
.23854022349493441757
.23322175006802074243
.23438249725303979707
.23457821696460756930
.23761713313971064218
.23809753965715137570
.23131235277902596113
.23407330353623275719
.23134274213817458295
.23303106399502581759
.23253707652331795070
.23418657027400137818
