.13060882025336062687
.12826124766307977732
.12827557259284915226
.12567723623971213490
.19022312251564453367
.12727856190900877675
.13227005822552578277
.13434996275020097799
.13397772491133294679
.13261462038864154400
.13517247276328814084
.13343533701793995975
.99999998892972969910
.13430999907441470015
.13814785145260378348
.13225411703629247526
.13284416244333087120
.14134125911549580902
.12669606642631560006
.13178307703498884023
.12584365561314568473
.12964498716961207260
.13671944340540732446
.15094035691503493374
.12769208078582889386
.12675458387512619970
.13136960243924992676
.12566275632615854724
.12663232380992297185
.13438476768002703272
.12700285682716466322
.13388207777593310174
.13342739963413420872
.12638602136599806995
.12882689419437497205
.13396502731129780532
.13863484371341102693
.12666808078299490466
.13197057420307531888
.12719150530336243630
.13682685823813703470
.14060273924318163510
.13027411063081267375
.12770534296964938163
.13009920036005832749
.13298206480046928205
.13004536563558501193
.13070251902118751211
.13219629701451083282
.12758291685039164015
.12992659270552657009
.12848101466909340276
.12828858016045271915
.14048777448610670561
.12362930265566596195
.12964252956960527103
.13019378474950928537
.12715934616813829859
.13498830774656223550
.13279450121076099795
.12898654963265466710
.12214238822992920419
.13393374272742743934
.12673719248048347325
.13774225888931911650
.12843581475545479544
.13095725701108170590
.13579004993256489495
.13775583104070802970
.12898434664886478641
.12944146025012987918
.12939598357973374916
.12805722258143404304
.12815574798711212416
.12758338180174427829
.13475645200538001853
.13346969913695397816
.13379745662975296106
.12733530811457123111
.13597920764119650980
.12847301086366584629
.13722198939598734363
.13380445304058313491
.14355949773785115050
.13230991119860905154
.13185049498112136990
.13210662782507347809
.13017998012244405310
.12826336208470725075
.12746352398519634747
.13099405458956192406
.12845156775009298751
.12788091745662178237
.13155537264516946376
.13277273705934941284
.13423382454447415226
.13563621745646347751
.13024353454424156588
.12950179322326982774
.13528871060144767475
.12716447170328761899
.12255316167971469611
.12986014894318052032
.13122567785506782196
.13230414358778227847
.12767196610469214404
.13140476161772561054
.12969870012111207818
.12804079430030749558
.13121852646045343540
.13015499452237490376
.13374749649988496329
.13360171211029230595
.13432139038255433447
.12898608468130202896
.13194378414894712154
.13817469685808348536
.13449199431816162752
.13288078289748627483
.12684678815646246236
.12702807490291013163
.12861606089649417935
.13500088357362406698
.13067649281571007742
.13465122908616988807
.13278972992426130661
.12547428497428558869
.13066463655621780496
.12790861527291465417
.13231925450674301788
.13397349606807799993
.13586199561925049599
.13383738709472833618
.12993315737581500853
.13369275401324697327
.13415915557129452786
.13146456321789111551
.12628678746302073071
.13441624045849251414
.13503327518452452376
.13120402440635924593
.12813856692760511496
.13420069122546353464
.13231187063645231225
.12848845389073561294
.12838683987964357848
.12372745167215381220
.13590761620316053782
.13040128589602950476
.13936335606137318002
.12878596740507251520
