.08250603520000000000
.08402099469473684211
.07463253692631578948
.08047762054736842106
.07069742349473684211
.07729133136842105264
.08174434088421052632
.07657272589473684211
.08128062517894736843
.09252051806315789474
.07987065263157894737
.08365488774736842106
.08356639797894736843
.08279844648421052632
.08636508698947368422
.08448949086315789474
.08453886383157894737
.08114535477894736843
.08589143309473684211
.08604863865263157895
.08629934618947368422
.07935905684210526316
.08493114745263157895
.08362979435789473685
.08194180042105263158
.08229243418947368422
.08250485490526315790
.07840466189473684211
.07925136976842105264
.07760228244210526316
.07868549120000000000
.07648379957894736843
.08130846720000000000
.07667762661052631579
.08155015814736842106
.07732980682105263158
.08268372614736842106
.08139328673684210527
.07840406905263157895
.07869122560000000000
.07890921903157894737
.08665718029473684211
.08442724783157894737
.07998797069473684211
.08563290004210526316
.07662323065263157895
.07950811890526315790
.08633920134736842106
.08049942096842105264
.08015893557894736843
.08229734400000000000
.07555290273684210527
.07814144000000000000
.07760902467368421053
.08649691351578947369
.08333405237894736843
.07984188362105263158
