.30063992983703703704
.30299661653333333334
.30043143964444444445
.29867789653333333334
.29644218974814814815
.29855333262222222223
.30000994607407407408
.30012039016296296297
.30409996136296296297
.30478249528888888889
.30252964598518518519
.30151938275555555556
.29803523034074074075
.30683393517037037038
.30207065125925925926
.30448164408888888889
.30343666725925925926
.29853117629629629630
.30295812930370370371
.30368314405925925926
.30082886542222222223
.30508944497777777778
.30076863905185185186
.30371598032592592593
.30944296201481481482
.30007032035555555556
.29754697955555555556
.29963883330370370371
.30189639300740740741
.29612792794074074075
.30264687502222222223
.30150714785185185186
.29811874702222222223
.30638799454814814815
.29730948361481481482
.29792960663703703704
.29537678601481481482
.30010651685925925926
.29792497967407407408
