.06177374208000000000
.06240856746666666667
.06116403882666666667
.06377537536000000000
.06459153749333333334
.05991661568000000000
.06010839040000000000
.06120688298666666667
.06869775701333333334
.06613058218666666667
.05502547968000000000
.06735112874666666667
.06034888021333333334
.06174892714666666667
.06079871658666666667
.06279547562666666667
.06307216042666666667
.06219360938666666667
.06293589333333333334
.06213502293333333334
.06672756053333333334
.06320037205333333334
.06313926656000000000
.06571545941333333334
.06912626688000000000
.06049000106666666667
.06526232576000000000
.06250403157333333334
.05653075968000000000
.05569037653333333334
.06346858496000000000
.06003951616000000000
.05713610752000000000
.05813784576000000000
.06322813610666666667
.06092285269333333334
.05879842133333333334
.06609163605333333334
.06277094741333333334
.05653952512000000000
.06418707797333333334
.06306368170666666667
