.13201710080000000000
.13313850181818181819
.13632062836363636364
.13351230370909090910
.13453786763636363637
.13125409512727272728
.13875307520000000000
.12922882792727272728
.13900540276363636364
.13318861730909090910
.13566340654545454546
.13210709178181818182
.12961148741818181819
.13787347316363636364
.13808626967272727273
.13926470749090909091
.13176072378181818182
.14315406894545454546
.13485665280000000000
.13720552727272727273
.13692041774545454546
.13534511010909090910
.13500503505454545455
.13868745076363636364
.13558072785454545455
.13242628654545454546
.13839524770909090910
.12888055621818181819
.12979064087272727273
.12956225629090909091
.13760345367272727273
.12979473687272727273
.12959816610909090910
.13032650472727272728
.13890231854545454546
.13251787869090909091
.13559769367272727273
.13555936814545454546
.12928963490909090910
.12579400610909090910
.13698599563636363637
.13175830807272727273
.13383962065454545455
.12649835054545454546
.12990143767272727273
.13618352407272727273
.12979493236363636364
.13616449629090909091
.13034030080000000000
.13080121716363636364
.13021274298181818182
.12654255010909090910
.12923088989090909091
.12671283665454545455
.12763182080000000000
.13511521280000000000
.13007620189090909091
.13318658792727272728
.13585129658181818182
.13449194589090909091
