.06353476887272727273
.06082906298181818182
.05302289687272727273
.05711831040000000000
.06026217658181818182
.05893496087272727273
.05758524509090909091
.06442847883636363637
.06278249192727272728
.06732573789090909091
.05832475927272727273
.05993304436363636364
.06215363490909090910
.06570892567272727273
.06638318312727272728
.06086802152727272728
.06193744058181818182
.06709408116363636364
.06507808581818181819
.05925570560000000000
.06794943767272727273
.06440528989090909091
.06179322414545454546
.06480383069090909091
.06359557585454545455
.05817429643636363637
.05661062981818181819
.06308800698181818182
.06052433920000000000
.05758067432727272728
.06307787869090909091
.05962317265454545455
.06490242327272727273
.05926249192727272728
.05965613614545454546
.06115875374545454546
.06040400058181818182
.06137747083636363637
.05678988567272727273
.05966803316363636364
.05766468887272727273
.06403358720000000000
.06000185716363636364
