.06197953422222222223
.06530908160000000000
.06204943928888888889
.05649092835555555556
.05782022826666666667
.05650809742222222223
.05822641493333333334
.05976510008888888889
.06187258311111111112
.06873040213333333334
.05882672924444444445
.05939532231111111112
.06053278151111111112
.06675833742222222223
.06067240960000000000
.06161354524444444445
.06185055573333333334
.06076315875555555556
.07381345848888888889
.06228135253333333334
.06466582755555555556
.06066963342222222223
.06047226311111111112
.06360555520000000000
.06198326613333333334
.06063636480000000000
.06363360142222222223
.06507064888888888889
.05239658951111111112
.05824106951111111112
.06504378595555555556
.05753328071111111112
.06429663004444444445
.06305856853333333334
.06212334933333333334
.06240424391111111112
.06092067271111111112
.05762134471111111112
.05962656426666666667
.05840404480000000000
.05838515768888888889
.06261024995555555556
.05957956266666666667
.05589278720000000000
.05641479964444444445
.05865913457777777778
.06254932195555555556
.05936583111111111112
.06321443271111111112
.06505117013333333334
