.08258430464000000000
.08082705920000000000
.08268018176000000000
.08063007232000000000
.08016458752000000000
.07791127040000000000
.08578320384000000000
.07823305216000000000
.09157531648000000000
.07719439872000000000
.07874900992000000000
.08268519424000000000
.08193881088000000000
.08945927680000000000
.08118071296000000000
.08446430720000000000
.08496410624000000000
.08287994880000000000
.08064857088000000000
.08152463872000000000
.08510749696000000000
.08075510272000000000
.08489787904000000000
.08764126208000000000
.08603283968000000000
.08020557824000000000
.07922923520000000000
.07675812352000000000
.07954811904000000000
.08211702272000000000
.08087758848000000000
.08039134208000000000
.08081348608000000000
.08105768448000000000
.08130848768000000000
.08232669184000000000
.08576149504000000000
.07761533440000000000
.07699961344000000000
.08232003072000000000
.07954748416000000000
.08371949568000000000
