.17018922740869565218
.17409302260869565218
.16943977516521739131
.17150008542608695653
.16372195506086956522
.17169234365217391305
.16990412354782608696
.17193872695652173914
.17591921975652173914
.16895123366956521740
.17681399986086956522
.17188193057391304348
.16838232598260869566
.17494124187826086957
.17167403631304347827
.17746005036521739131
.17497746031304347827
.17375862427826086957
.17068737224347826087
.17702222803478260870
.17640773008695652174
.17872936960000000000
.17398501286956521740
.17952370866086956522
.17489448069565217392
.17426198706086956522
.16804025210434782609
.17215389161739130435
.16945580744347826087
.16677178768695652174
.17617834518260869566
.16666031860869565218
.17014377961739130435
.16622929029565217392
.17400822205217391305
.17014455429565217392
.16733067798260869566
.17936985043478260870
.16590817725217391305
.18020756702608695653
.17319566469565217392
.17212955158260869566
.16936186212173913044
.16710592779130434783
.17093477954782608696
.17250410406956521740
.16875871721739130435
.17238200320000000000
.16765760556521739131
.16540101676521739131
.17066202156521739131
.16577793335652173914
.16857414344347826087
.16970727513043478261
.16757402045217391305
.16633181050434782609
.16459273794782608696
.16525933078260869566
.16986099533913043479
.16681421245217391305
.17068885036521739131
.16832280486956521740
.17462272445217391305
