.05941756586666666667
.06175027200000000000
.06100037973333333334
.06190237013333333334
.06617651200000000000
.05986267306666666667
.06479561386666666667
.06308215466666666667
.06244631893333333334
.06536104106666666667
.06381071360000000000
.06087390720000000000
.05558316373333333334
.06565188266666666667
.06579633493333333334
.06342464853333333334
.06177576106666666667
.06280238933333333334
.06272416426666666667
.06141255680000000000
.06761459200000000000
.06227906560000000000
.06458892800000000000
.06601103360000000000
.06335668053333333334
.05815534080000000000
.05376907946666666667
.06305932800000000000
.05582929920000000000
.05700732586666666667
.06730973013333333334
.06272890880000000000
.07586152106666666667
.06085376853333333334
.06129967786666666667
.06716286293333333334
.05835293866666666667
.06257842346666666667
.05467795626666666667
.06181992960000000000
.05597444266666666667
.06130087253333333334
.06209762986666666667
.05522121386666666667
.06143324160000000000
.05738665813333333334
.06179675306666666667
.06258807466666666667
.06461026133333333334
.05915071146666666667
.05697368746666666667
.06942324906666666667
.05936632320000000000
.05844637013333333334
.05734231040000000000
.05957673813333333334
.06000923306666666667
.05946152960000000000
.06204731733333333334
.05927567360000000000
