.06270843904000000000
.05853257728000000000
.06321065984000000000
.05466562560000000000
.05881990144000000000
.06163550208000000000
.06084747264000000000
.05792407552000000000
.06502214656000000000
.06348697600000000000
.05634162688000000000
.06392975360000000000
.06316472320000000000
.06771565568000000000
.06515273728000000000
.06256820224000000000
.06290526208000000000
.06184357888000000000
.07459540992000000000
.06512100352000000000
.06482759680000000000
.06097949696000000000
.06197227520000000000
.06616043520000000000
.06287385600000000000
.05971425280000000000
.06076235776000000000
.06028918784000000000
.05950227456000000000
.05994344448000000000
.05826026496000000000
.06128636928000000000
.06212701184000000000
.05973524480000000000
.05945883648000000000
.05708069888000000000
.05666359296000000000
.06344404992000000000
.06029574144000000000
.06168158208000000000
.05912330240000000000
.06137561088000000000
.06310744064000000000
.05611295744000000000
.06436929536000000000
.06028570624000000000
