.06365573120000000000
.05970575360000000000
.05828208640000000000
.07320204800000000000
.06224855040000000000
.05864729600000000000
.06005770240000000000
.05606722560000000000
.06906516480000000000
.06102798080000000000
.05953431040000000000
.06024023040000000000
.06487480320000000000
.06385090560000000000
.06663224320000000000
.06082529280000000000
.06806369280000000000
.06023505920000000000
.06075781120000000000
.05811077120000000000
.06378571520000000000
.06076820480000000000
.05957094400000000000
.06420633600000000000
.06411642880000000000
.05844596480000000000
.06193223680000000000
.06100284160000000000
.05758013440000000000
.05626099200000000000
.07659258880000000000
.05639582720000000000
.05763052800000000000
.05847869440000000000
.05535400960000000000
.06127656960000000000
.06001720320000000000
.06011819520000000000
.05817236480000000000
.06085191680000000000
.06265989120000000000
.05715215360000000000
.06193285120000000000
.05673287680000000000
.06451041280000000000
.06096005120000000000
.06150287360000000000
.06223805440000000000
.06213422080000000000
.06040828160000000000
.06076902400000000000
.06451691520000000000
.06307246080000000000
.06510017280000000000
.05826682880000000000
.05656448000000000000
.05858913280000000000
.06166691840000000000
.06238607360000000000
