.20721722880000000000
.21195455573333333334
.20714673493333333334
.21042990506666666667
.20483108693333333334
.21578024533333333334
.21301082880000000000
.21031180800000000000
.20830681173333333334
.21153043626666666667
.20913004373333333334
.21448162560000000000
.20970183680000000000
.21129199786666666667
.21481546240000000000
.21319420160000000000
.21157166080000000000
.21186389333333333334
.20715563520000000000
.21463322880000000000
.21242543786666666667
.21404007680000000000
.21252967680000000000
.21317945173333333334
.21039449173333333334
.20994857386666666667
.20792295253333333334
.20856683520000000000
.20740087466666666667
.20702865493333333334
.21115191466666666667
