.23820118835200000000
.23739812659200000000
.23979918540800000000
.23217475584000000000
.23938052096000000000
.23694374502400000000
.23806205132800000000
.23616472678400000000
.24235066572800000000
.23858676121600000000
.23685567283200000000
.23928587059200000000
.23857750425600000000
.24365751910400000000
.24637483827200000000
.23821372211200000000
.23812202086400000000
.23945887334400000000
.23996744908800000000
.24396634931200000000
.24254380441600000000
.24146352537600000000
.23896916377600000000
.24480069222400000000
.23907245260800000000
.23897219891200000000
.23811923968000000000
.23730316083200000000
.23614645452800000000
.23771177369600000000
.24074173644800000000
.24588544409600000000
.23720751513600000000
.23880767897600000000
.24364674252800000000
.23995190476800000000
