.08125683350588235295
.07802347520000000000
.07574659915294117648
.07593191303529411765
.07898704112941176471
.08011845872941176471
.07773323745882352942
.07313316442352941177
.07599613590588235295
.08434812687058823530
.07641577110588235295
.07423912056470588236
.07610192112941176471
.08140386785882352942
.08277071510588235295
.07637490748235294118
.08045410183529411765
.07938188348235294118
.07861700969411764706
.07864110381176470589
.07869217129411764706
.08258392545882352942
.08130347971764705883
.07765584112941176471
.08397069854117647059
.07477643143529411765
.07493699463529411765
.07156829364705882353
.07284933571764705883
.07515140818823529412
.08041606927058823530
.07665476668235294118
.07841990776470588236
.07446600884705882353
.07879555915294117648
.07722879698823529412
.07468858428235294118
.08251379952941176471
.07792247265882352942
