.32197184000000000000
.32559685485714285715
.32338333257142857143
.32224033280000000000
.32566388297142857143
.32684616045714285715
.32558937600000000000
.32997549714285714286
.32758952228571428572
.32818490148571428572
.32781355520000000000
.32410249142857142858
.32139443931428571429
.33538348617142857143
.33033831131428571429
.33082956800000000000
.33008337554285714286
.32572827428571428572
.32602209645714285715
.32757855451428571429
.32869361737142857143
.32958871771428571429
.32641725074285714286
.32859984822857142858
.32833122011428571429
.32638891520000000000
.32623190674285714286
.32347200000000000000
.32497609142857142858
.32574152411428571429
.32531693714285714286
.32339633371428571429
.32487640502857142858
.32706377142857142858
