.07274004480000000000
.07549160960000000000
.07202465280000000000
.07689552640000000000
.07486993920000000000
.07514196480000000000
.08297464320000000000
.07590772480000000000
.07437571200000000000
.08101413120000000000
.07800324480000000000
.07888588160000000000
.07115317760000000000
.08372186880000000000
.08445967360000000000
.07817254400000000000
.07594828160000000000
.07727424000000000000
.07950203520000000000
.07603396480000000000
.08437018240000000000
.07562037760000000000
.07273891200000000000
.08223950720000000000
.08798238080000000000
.07257299840000000000
.06953406720000000000
.06947644800000000000
.07199049600000000000
.07223824640000000000
.07483905280000000000
.07505528960000000000
.07804506240000000000
.07658300800000000000
.07767439360000000000
.07095162240000000000
.06974410240000000000
.07448988160000000000
.07618434560000000000
.07348249600000000000
.07710504960000000000
.07887618560000000000
.07287901440000000000
.07550937600000000000
.07733255040000000000
.07423354240000000000
.07728062720000000000
.08059261440000000000
.07356933120000000000
.07630999040000000000
.07494529280000000000
.07611716480000000000
.07492305280000000000
.07823333760000000000
.07270899200000000000
.08186290560000000000
.07634188800000000000
.07356011520000000000
.07893368960000000000
