.05906326674285714286
.06030410605714285715
.06158447177142857143
.06059576320000000000
.07242706651428571429
.06234738102857142858
.05837154011428571429
.06352385462857142858
.05999802514285714286
.06670918217142857143
.05795597897142857143
.05888628297142857143
.05730830628571428572
.06440050102857142858
.05681006445714285715
.06193244891428571429
.06324300800000000000
.06098925714285714286
.06197135360000000000
.06042027154285714286
.06416925257142857143
.06626505142857142858
.05917433417142857143
.06420917394285714286
.06266456502857142858
.06365966628571428572
.06382979657142857143
.05743487268571428572
.06477976137142857143
.05930776868571428572
.06234071040000000000
.06611868525714285715
.06152075702857142858
.06073957668571428572
.06544718262857142858
.05838088045714285715
.05697255131428571429
.05654435840000000000
.05799525668571428572
.05850571337142857143
.05907412114285714286
.06122843428571428572
.06160563931428571429
