.27160085661538461539
.27874941243076923077
.27339543630769230770
.27005886227692307693
.26944226855384615385
.27723662966153846154
.27052887827692307693
.27630848393846153847
.27627001698461538462
.27228659790769230770
.27663024049230769231
.27329849501538461539
.27225202609230769231
.27448607901538461539
.27732676135384615385
.27427561156923076924
.28014098904615384616
.27616838104615384616
.28040266043076923077
.27836734621538461539
.27633932209230769231
.27691663360000000000
.27697436356923076924
.27653159384615384616
.27273080516923076924
.27366472861538461539
.27287526793846153847
.27343497058461538462
.27778750621538461539
.27519657747692307693
.27440015360000000000
