.06153499569230769231
.05988740332307692308
.05604362240000000000
.06295006129230769231
.06385694720000000000
.06157264738461538462
.05659138363076923077
.06267654301538461539
.06362184467692307693
.06285631803076923077
.05767494892307692308
.06303800713846153847
.05821173760000000000
.06175481698461538462
.06457816615384615385
.05958721378461538462
.06340671015384615385
.06406568566153846154
.06400863310769230770
.06569410560000000000
.06628121993846153847
.06794254178461538462
.06123304960000000000
.06604359680000000000
.05989344492307692308
.06585203790769230770
.06475004849230769231
.05905489920000000000
.05816325513846153847
.05809842018461538462
.06651436110769230770
.06204948480000000000
.05999419864615384616
.05679790867692307693
.05547233280000000000
.07565697969230769231
.05749306289230769231
.06285781464615384616
.05534322215384615385
.05209405440000000000
.05641977698461538462
.06200179790769230770
.06173872443076923077
.05754391630769230770
.06195269316923076924
.05656849329230769231
.06046263138461538462
.06378759089230769231
.06208855433846153847
.05622891126153846154
.05463476381538461539
.06329224270769230770
.05948904369230769231
.06210065329230769231
.05722557046153846154
.05908390203076923077
.06398348209230769231
.05991676061538461539
.06291430006153846154
.06004518596923076924
