.28127315831670371998
.28684044632561138079
.29045344579805884662
.28172888951743288990
.28581361592396845215
.28409904258789180148
.28216292098479400691
.28631405912476916127
.29272326980169056502
.28493142178922360820
.28440411458837991668
.28703154872591714463
.29222451940089256438
.28889194819556045045
.29637660207420256332
.28405965432116211359
.29012292046419667275
.28783496632720261280
.28406733325450773321
.28869357166190971466
.28787117752726055072
.29092338179881074422
.28267015991893892254
.28438030498834182132
.28371910712061723806
.28273002125236803401
.28049128098211938291
.28364462392049806494
.29435754553763873953
.28442050285507280457
.28393263298762554612
.28707097379264689141
.28658601112520428447
.28153718605045949769
.28608050179106213620
.28731544845970471754
.27417291723867666759
.28678711085885937738
.28649483299172506613
.28296085538607070196
.28092856311615236766
.28101536204962457928
.28225533805160854089
.27704855510994435485
.28934954392962593696
.28929975352954627232
.28643152472495710623
.28717768152615095711
.28845681272819756704
.28702669112590937247
.27683088310959607965
.29179253646686805835
.28512279405619647049
.28384587085415339337
.28142252951694271390
.28575862445721379914
.28202585325124136521
.28557581432358796959
.29283104473519633825
.28761156579351183861
.28501194018935243764
.28364856152050436510
.28740255405984408650
.28407703618785659124
.28230177965168284745
