.14980256458254124619
.14167155725524592018
.13918019199411687862
.15203956824326330919
.14102010262563216421
.14376094034430321884
.14009226948129048832
.15505173761951135162
.15217099155775930078
.15409505853226637937
.15392067384627307816
.15184900207152983189
.15665881465065410345
.14833000206589943188
.14958670103933872167
.14955694035357681886
.15757131796639982304
.15107587087029282197
.15079961852699367536
.14754490035035755485
.15140289144224462631
.14982155338257162827
.14700100686377303956
.15107300047028822933
.15048701304077922087
.14603581120508586936
.14249969919942809015
.14018901142430241828
.14296946697160829002
.14677399292055267439
.14586872869053282305
.15103219978450866252
.14573511314746189533
.14320356228626855681
.14171163245531004050
.14320725280056017591
.15481136527626961302
.14952886721067475897
.14354991862967986981
.14747129509309692930
.14865538240927718329
.14658875749168486913
.14715285417830170955
.14377973988719044097
.14655806629163576321
.14809838286552884116
.15050873029795682562
.14896320915262684893
.14640472069139041025
.14382180228725774081
.14323155657202763338
.14783410103653456166
.14638355543421368870
.14316843931478378862
.14377939291576131438
.14550133326137356179
.15622901167853784726
.14510118057501903178
.14994576915419894494
.14833426035162053085
.15369337601733797306
.14841578286603668116
.14385503268731090945
.15062692138386021708
.14984626721118259897
.15787449213831347314
.14741525920729298617
.14532422011823303791
.15093063178434615372
.14572336343315738150
.15533541830567952644
.14940769532476659824
.15037826904060523047
.14273412571408888686
.14778162949359346434
