.07081248727573214708
.07522289430775066519
.07113661455597872826
.07211305092578609582
.07374494990776240178
.07825211719868943518
.07730022346135420723
.07416154787268653371
.07874169668683079949
.06994775611980236306
.07436317744863881233
.07628128309117609510
.07345780306654806288
.07562015980799003910
.07475903267789814311
.08386440808635277247
.08779896618518840183
.08141987962632049842
.07352385075744674984
.07537357784454888546
.08866647870888438203
.07743905680450067613
.07375108066910620042
.07968638237249025141
.06472955762267330262
.07132061574468046766
.07257769603951641965
.07164687801849405859
.07426024725419260831
.07812384130079634477
.08077182093679678650
.08129367996070358263
.07577673906096871749
.07482329794297483109
.07919257207140875769
.07640334987933760669
.07612991400598479830
.07816687415278460552
.07854474842704838628
.07642646265373275812
.07713473207926553401
.07207842093838725877
.08095850555777999687
.07117410425953154168
.07109360129108741256
.08418289428267918110
.07511242308098061940
.07847719252968493097
.07206153686082063120
.07693831267110063698
.07244771606418911045
.07685009238646016069
.07813008958472181367
.07319308345133579888
.07720700846699274483
.07588824840387685060
.08402600163614938202
.06820589517557658244
.08318463788687503499
.08158004331804011979
.07619484523235761777
.07196111381478339276
.07689085313520279638
.07311828032810267745
.07767347518073895771
.07689825705784802286
.07836198122545418463
.06883225136168518608
.07380357408891891722
.07407522753644972665
.07846226716181280776
.07419758813106541390
.07518851895261211371
