.12057350185988599246
.12339970212872824648
.12449204683769186084
.12525206693714539217
.11954864540722904474
.12087413872525208637
.12269379569352060764
.14778587433553901299
.12703652249725395823
.12402288363555998324
.12416606949221061978
.12526566821720719638
.12842480839156232934
.12896795284203037772
.13055729480125234758
.13517865354225180170
.12624487942165673210
.12511998879254522908
.12951852942053219769
.12456685387803178403
.12659504761524789637
.12710966176158630305
.12451861790981259979
.12942934388412693861
.12259423108506818606
.12043766717126875963
.11807703548054204923
.12049029117150788309
.12701714067316588722
.12786105152500061813
.12041378397116023437
.12878695866520794018
.12787272595705366675
.12545229721005523853
.12558087788263950910
.12238690871612611321
.13014899732739704386
.12901392193023926126
.12544161049000667807
.13750534680082429587
.12753450745951680190
.12426987640468231839
.12384650417875851499
.11972442576002779066
.13144511835728661782
.12421712286844260632
.12682225376028032109
.12228481815566221370
.11977862038427405103
.12644431628656297321
.11864114857110537911
.12723165229014062801
.13194959631157896564
.11929056111805630973
.12651282463887427516
.12348668555312349916
.12356722456148946841
.12466470213447640650
.12777249747659822854
.12145241981587979565
.12002161372937821279
.13035779316834581216
.11937309174243132888
.12458163717409895932
.12024328221038547437
.11815181013688182527
.12493148152768865207
.12281925131009067796
.12703318694523880148
.12109514333425633132
.12726473254629094470
.12114357360647639847
.12020446998620911162
.12382088843464211705
.11989238537679099916
.12589338348405953456
.12158503229648238676
.12051700797162928423
.12372869118622317276
.12711338592160322563
.12028484707457434511
.12615818745326280379
.12835482656724433193
