.06991145753521563840
.07544276930730661138
.07135392185997355149
.07464546899698443928
.08044807772997027486
.07466026599395632353
.07996308373452438697
.08576090959980213875
.08522773194881270354
.07659463705264446438
.07892071750339387435
.08031991182185521685
.07337942896819307032
.07878556412448653767
.07916714728882209814
.08562002051626049845
.07858698169921613656
.07867695939797446300
.08105481065504848315
.07331486025413393906
.07870892614269528870
.07522952066660321894
.07960582593642290894
.08272836595903017941
.07311646465963338497
.07912546534406922723
.08479521871661684451
.07346077508538446429
.08267263434038481235
.08907771625689634409
.07552716076604651182
.08679275725859026395
.07836853916311099688
.07901357239600784495
.08249183820440384787
.07882580747231158650
.07871619385964233791
.08101819182415846658
.08011591130425925206
.08067659044457016910
.07820052225178756879
.08495645367099482565
.07695187616766895770
.07470895409257845781
.07922536375670643061
.07772382354252288874
.07828595996283861256
.08556238322376269175
.07867193365026557808
.08591065446183452795
.08325433194230351952
.08001330384545926684
.08545831848495789975
.07799762403573370144
.08837568095611916919
.08282088455625842537
.08067147128147636066
.08095976984242730238
.07991340543282206346
.08847574751644923489
.07136309525077304034
.08025354953240555415
.07866081721945968019
.08250151603828192368
.08121137484018028871
.07896081138660304556
.07487988556391149947
.08210913405544920526
.07358630667964467927
.07487697100390188590
.08618340870273419733
.07727591545489163498
