.28498005426935010692
.28293505324433578641
.28579038695775203194
.28265326386819601888
.28734934867052527695
.28389304482881095024
.28123633837949322384
.28844552683106898131
.28829388470299376682
.28365953999669513184
.28122081834748552591
.28141552309958209946
.28983685276775907898
.28888739841528814962
.28478850695725509946
.28483835807727982561
.28991512084779789995
.29084576414425949902
.28394452324483648353
.28243943231608995843
.28494562602933303052
.28956319987162334714
.28899142391933974627
.28374158486073582610
.28274270442824038140
.28264822410819351916
.28612389762991745323
.28142510471558685194
.28291268399632469127
.28472380372522300665
.28335076665254198026
.29264012515314950208
.28249246516411626273
.28569019895770233869
.28574504126172954047
.28240880514807476736
.28505473986938715098
