.28855618290512620078
.28249310999173574956
.28720000815456686945
.28282291002824268090
.28655871451573235188
.29203758350986381551
.28345544448403302347
.29537802327950556970
.29416464388320474323
.28754066027626127424
.29248412097703028271
.29086935653943229823
.28793253682387036027
.29433973711004501433
.29604799742919269569
.28942298029032661017
.29092388826749935234
.28910518214327106317
.28946454119276482696
.28938011455383609003
.29162703879190246859
.28867461274430902119
.28676295334279040881
.27590173431695083175
.28569435884969912401
.28361829035759028880
.28377556807791445764
.28010252481642567480
.28839248436773277681
.29148549659510013626
.28538778744315299894
.28493711584829606566
.29260143976939629037
.28591614188114359636
.28555065915500832969
.28856053665835022286
.29334582821751180575
.28953443378903176908
.28668722129116068336
.28714104515838159702
.28443328195516954517
.29241110194669742562
.28435558619288684832
.28453943860277129442
.28933921252799854128
.28476175131932610774
.28739432507516780780
.28764418141746035136
.28335276308752107227
.28664969116322067099
.28602012811170785092
.28857789999465018039
.27985008464432658994
.28489036144794670087
.28397841163687698228
.28868268721245446275
.28693413206747376984
.28553739118895174012
.29793133805603161544
.28997484757955673341
.28709339933674897547
.28165302940673497719
.28685194044132769113
.28497592497199031597
