.28493497482085216747
.28589042035176676333
.28429684026044727763
.28052539697593765621
.28798770222812498976
.29221483279402873509
.28385581718563267636
.28957494915809891137
.28771682573543966707
.28805976968681812011
.28444328645527305347
.29462144716340771978
.28028004899960404031
.29236167073079341180
.29172693126719232951
.29291670376789279674
.29005664810423605315
.29013346869845451407
.28545089895438461540
.28626038143886474649
.28695449592233857089
.29222992791674104867
.28639767393038487197
.28994728681295955982
.29138628553518876158
.28890770817163368677
.29065389786428432202
.28473842483204097015
.27660697211595242775
.28962624123596566550
.28902034703713231739
.29441381087772562779
.28808332643541069253
.28443423721648444334
.28310527880489249642
.28295589454552496404
.28828947410172496120
.28987916288978469824
.28664001855185358118
.28676379594648162658
.28333751648433756315
.29567344402419675046
.28807622284825195672
.28227299693956833460
.28468476924447618077
.29238593261487600578
.28773128101298510923
.28974036872083211943
.28058727914421936390
.29175891046747127066
.28674904033344969375
.28581715155112767031
.28632628549105250313
.29051288382434463827
.28408840743282275387
.28515028924853671655
.29021335793786103182
.28799515838302873635
