.21359351673094988262
.21182024398378919374
.21477032886596049648
.21541163449052876264
.21657198638443971417
.21082635267920344958
.22004846246131550716
.22568370281624336975
.22128741383539302403
.21785072033233943716
.21621324091641960699
.21600800731472630614
.21645632575697942023
.21740578172625878707
.22101680747171457539
.21463370154917058821
.21882415704398533427
.21643208165075529536
.22152884533618016008
.21679302181758869086
.21660622368592701181
.21819983838823191962
.21511875924955814861
.22278155015615428370
.21762213513527274869
.21071079447102110909
.21296316996912263609
.20901985219200957568
.21048333588601190862
.21299674886096594723
.21375368585034366350
.21496349162418071162
.21211250470909208705
.21243461333825570138
.21342917768381085396
.21635525256096478258
.20924397483482257792
.21316154147919305549
.21335460181813531717
.21328687341275723992
.21270924331642517860
.21623747039131830993
.21491194546471928018
.21192288273162397705
.20992788687901948115
.21444783982233591218
.20890861022482670220
.21205851511828519462
.21231204672519626021
.21277408935069513720
.21199908267442134718
