.19756679514918859189
.19274282348063115937
.18993937355310235426
.19427130331988177921
.19444458770699748083
.19510064857356574411
.19196089979784587627
.20469467854711701137
.18935068939839582856
.19071883845067505949
.19577374102550893706
.19784859592269843162
.19821997743794700791
.19706794661029771632
.20019875980073284993
.19636935175807040774
.20396900707236582694
.19181767555921321512
.19889767261586740456
.19401641425037545951
.19469671813943603024
.19681867976307625455
.19431803523151351844
.19581183720371113448
.19160875377910789396
.19205185985811849798
.19132256017591948522
.18912371653660792349
.18665742003505747951
.19299140066858567856
.19783414306327815680
.19835909370616353285
.19367185448357384551
.20083525533374980758
.19568450511340367179
.18865079019059843294
.19415903878529773581
.19413545543688685169
.19528081456075811185
.19291309435660217713
.19263013915344984657
.19117524295946344749
.19233018235010810559
.19437272820990061651
.19757244735665896907
.18781288416644872435
.19364791131293673048
.18938595197656645758
.18981364567022017103
.19235599959484017327
.19321395071550949538
.19317724884843394273
.19713400397399660724
.20064394985013704130
.19102764088374497696
.18892998225296809859
.19057619892316002356
