.06761631533467022584
.07501909542824136622
.07067530801333589329
.07805875890666271259
.07310667852406841655
.06990815128363903223
.07751663049981020952
.07295846100219494707
.08171608647289133302
.07019323168724244853
.07405297949602966083
.07255973299715502509
.99999997975999974417
.07716987881542726823
.07526414111133874365
.08353485289588054061
.08165002311205629214
.07613156680230300439
.07133654882169397711
.07368094805132718337
.07835187459036769483
.07245563867583927287
.07524076391104325584
.07862462883381530846
.07802062674618072208
.07499337038791620171
.07126287522076274280
.06986765104312710919
.07065573593308850220
.07010168616608531314
.07464653774353223708
.07387328877375837011
.06920624831476697870
.07423283213830299823
.06965958384049713975
.07251571099659858700
.07366121405107774561
.07300477012278029436
.07465967350369827309
.07566359775638787565
.07199301298999168420
.07132096402149698524
.07065083785302659047
.07499470622793308673
.07539535703299731290
.07217165123224967158
.07666691480906980319
.08101335366400879032
.07561303823574880330
.06780614629706968920
.07070196409367282615
.07410989437674906493
.07692404377231991329
.07380860173294072591
.06941729079743455568
.07725247825647132517
.07546103583382749294
.07077768193462989966
.07297718300243159316
.07087258729582950342
.07264077395817938284
.07633489784487310876
.07105915961818777758
.07613027144228663104
.07488907366659789115
.07536647455263223835
.07352315700933270460
.07754476410016581823
.07464868318355935545
.08149806119013549345
.08427711442526272634
.07033343416901460790
.07172906314665535818
.07042277353014385743
.07572075551711034974
.07277022899981569456
.08373539081841533995
.07139615562244740707
.07811530946737751167
.07717495905549148247
.08620489348962985371
.07931359844252388432
.08691450789859937984
.06999374624472095254
.08323572593209957579
.07051221409127438612
.08006205341198435513
.07237117715477167924
.07311600916418635584
.06878669334946380394
.08736466574428937501
.08162761743177308434
.07157746554473916449
.07493989630724028933
.07790784946475521724
.07731226721722705763
.08085351838198847235
.08030780749509068674
.08109548758504696308
.07060027833238751813
.07503330390842096141
.07003262728521240889
.07252340219669580377
.08638128509185944357
.07994033005044577184
.07640691176578336472
.07883874779652177215
.07643111880608934171
.07553835263480477731
.07763244378127408940
.08053405021795039476
.07231650891408067268
.07440823198052005224
.07263494483810570276
.08062357173908194679
.07305399380340248168
.07900163931858072099
.07333962068701280549
.07407394813629470445
.07546753287390961553
.07779525434333201490
.07812089570744812175
.07436089061992165744
.07707199817419005693
.07645291728636487450
.07824565506902508008
.08050395333756997019
.07519886711051368028
.07799040842579876251
.07486729542632261419
.07920602284116412872
.07803604962637566728
.07604989840127071580
.07815006154781677797
.07446872934128473888
.07397586509505493481
.07363334357072546274
.07483885822596316798
.08082613366164232949
.07773342114255044325
.08192775639556684084
.07650448880701673853
.08015256669312844301
.07260695291775188489
.07873629291522674245
.07482596534580020198
.07828336218950169808
.07544395327361156938
.07810106050719740482
.07796826586551888055
.07444272094095599270
