.17962022129039959712
.17543365313748137566
.18365972560145893161
.17864416245806221347
.18409819990700124683
.18101474718802640446
.17609506092584157011
.19516381284687059439
.18582871992887501991
.18470538473467606305
.18710942618506314698
.18574005354775427685
.19447747949819534086
.18392838124485473894
.18597261115069380495
.18578081184826946177
.18909990371022278290
.18180240703798242497
.18152868127452253131
.18537840522318304203
.18270778778942643766
.18825144795949830221
.18449354783199844460
.17886831034089544271
.17949383260880204418
.17972405249171202350
.17935428286703813544
.18118332109015717858
.18114197076963451053
.18097224318748915389
.17828864685356849623
.18064933422340758459
.18391704178471140816
.17773788608660688014
.17942752636796393330
.18197450270015771413
.18460975073346724928
.18117264955002229032
.18160456609548171545
.18140680105298196531
.18049595550146887754
.18085582776601766297
.18366359650150785978
.17810407323123548565
.17602048158489888724
.18539950542344974856
.18360872080081423093
.18212906546211138745
.17758757372470693189
.18752469027031208502
.17730987080119676693
.18752171499027447748
.18627217327448027019
.18480748541596661566
.18182167045822591460
.18346376697898201462
.18054081240203586877
.17969006447128241492
.19027014510501463413
.18430484524961324396
.18096693018742199757
.18341719473839334150
