.26465919978954038645
.27012803869487749706
.27053240660513524732
.26996503619594248493
.26810454810538590494
.27609536833297810997
.26558686494043572673
.27117119465030874415
.27308147314088322630
.27209411136075293892
.26965080678459354851
.27056372175121392243
.27687289816696553642
.27559060092605504753
.26954131975534069924
.27420857279072667786
.27269991957670109468
.27752945192899935351
.27526537368998305571
.27528751943381124295
.26883695411014362395
.27690118413551503250
.26968322717112205921
.27208918553603206671
.26737615371411277437
.26739975946693025060
.27307059812065459708
.26767785706703024075
.27135335465037423988
.27078433320297863666
.26902182945403032071
.27487527839096639224
.26477219356935629432
.27077352640746913310
.27224517453384096164
.26724809591631392213
.27443836728968570510
.26711035020839922705
.27377279421978347658
.27212347527986462033
.26833157268074843063
.26752859502652713530
.27203281827309045152
.27055296953547971939
