.16085880126046624024
.15339120655139529968
.15529048144405362735
.15692630938281716481
.15328217522829824774
.16223328409148922168
.16410422298414231809
.17187140083173010477
.16294465781469747529
.15786902630606812794
.16752713393862039396
.16365396083021303893
.16132514642978310396
.15864979209082765393
.16176384064524870905
.16581995221522829888
.16459443578423281892
.15860376944466531129
.16554920329210139138
.16140232310672042889
.15984132089104762848
.16741765110783095098
.15839219916770317524
.16362933030713156868
.15591054162878348461
.15543010630561786578
.15772656784450336638
.16083261381430755948
.15318981855135812035
.15417502390538615826
.15920053806016009934
.16092177879893940532
.16105140821434795229
.15564924322873524491
.15519024673634281479
.15754467252139286262
.16006232612185766021
.15902427879858909763
.15793329609069537774
.15939614987558082767
.15916499350630738342
.15960476199869626376
.15750637221369348411
.15325893036675549484
.15559823842872582864
.15537204864406868591
.15422416039770292192
.15747064082907150293
.15243063172044873201
.15174410648955275813
.15494377024398961913
.16076252113737154237
.16354718704557794223
.15496910138245583411
.15685230882895734933
.16002217307569640119
.15833622778307745744
.15675865990586313722
.15220570304348412980
.16119578169129768278
.15835483301385012302
.15845512999848402400
.16482663529196799421
.15944338692174339451
.15336864673600651940
.16347111578402543677
.16423740218416690502
.15790746673684445540
