.06760055222152981514
.07152417912232961899
.06914648343799271544
.07571013633411974693
.07172419677691865945
.06474862337804435650
.07228240271073194756
.07658810772707598000
.07927286744091237197
.07231194647498099066
.06711399588847953655
.07439490130372012930
1.00000000000000000000
.07573922220983932373
.07710570093914530050
.07924668816194505951
.08122962420929121126
.07600093536672471499
.07661498379293595856
.07611441208924462448
.09085034001010460444
.08010899180391477174
.07486953262680735073
.08500804072165939759
.07708185091921918619
.07392677996103010267
.07036040565419868055
.07073111618929398487
.07088647975816159428
.08291817774858439780
.07418357579327296452
.08311817549497650495
.07062520458160873601
.07715041474945753150
.07455213624309947055
.07599840702571418368
.07007434477246384204
.07887380763338402359
.08077416447985077453
.08151588417299538294
.07974403473773319616
.06988394277699359391
.07330054771829566882
.07157450704417704551
.07676909314539676898
.07429755022071620695
.07582673864355818726
.07518097645963216899
.07578919178414195055
.07695406020310422145
.07339180689303799603
.08170787882422029647
.07758082996715585487
.07506419497642132880
.07167978158956042821
.07798331398455673385
.07757473805889425973
.07091610315519837065
.08378119808564370945
.07094877250636594460
.07632125825538179284
.07344368765424622132
.07119939679755947803
.07683861256908791353
.08182404315332620381
.07426137702688836913
.07339491257175959356
.07018145087196508995
.07196307523192153559
.08256994356782680888
.08615437460927674994
.07265040573104432071
.07525652806699410873
.07355282438983466761
.07262392782912300849
.07349757914334471167
.08609695936932106240
.07381031700897019556
.07180850799093125887
.08583763519606766924
.07571853759322560690
.07837138446737789099
.07551322435825230399
.07372580671298826297
.07614098953215060329
.07461572302410448650
.07945602285269889255
.07510644017031382844
.07927229010320130576
.07281580303116632212
.07466632966070897947
.07511466225564728855
.07320253966479294699
.07789792772790973528
.07539608452749666409
.07547177549223713705
.07743114023441424093
.07895704380476222387
.07567905963870683839
.07178224907917621315
.07666443575411831912
.08004783382293562052
.07518199177767576818
.08135166145649244725
.07750619413685284773
.07998824858951420138
.08079785523420142230
.07562839327751154547
.08847616807662489808
.06948906369082124219
.07236593750506414760
.08151090712376205357
.07879947042603501621
.07736152126973842979
.08317135028898539587
.07632707144888632153
.07416535979307897905
.07172959189828758848
.07420694801647267921
.07478767012101754936
.07622838651668786691
.07594019545788116344
.07382319761238605196
.07412793238284434223
.07373932437870598552
.07987674277849069031
.08000556872084618756
.08222375993135335167
.07343600309022996078
.07903347137278922957
.07642631381059890904
.08171076551277562750
.07532672436938098608
.08626584060390639437
.07650329880814004764
.07335443920739415917
.07486634731529801994
.07148943931868098003
.07885778153485270304
.07603139490803269070
.07991247799198599515
.08079156424397049399
.07357307102611585146
.07766673383692311968
.08470205173479430832
.07604648532130814533
.07777493488725570005
.07200585794713123480
.07723134156999146695
.08183690384854512689
.07324126110782824944
