.28070524025483023269
.28403176213859205372
.28453436360361487116
.29626827019781094923
.28323040492513670975
.28792765079802161694
.28274731393066413816
.29453105096058840911
.29216315776458743636
.29616400528234646852
.28599558041134344096
.28578528903314181712
.28889784964855063427
.29146586529077013419
.29092625798796631009
.29469531524376417938
.29042436381086357680
.29829098019870066405
.28794563993229092706
.29477749409304490026
.28725169706730270267
.29224009200721545777
.28355550381232859695
.28904129564577675781
.28586782819891012804
.28299856128295516317
.28628934510917009065
.28859274165389244631
.28263480177115037431
.28786538277094401973
.28767687052265894939
.29331705129851189425
.28519751942649679106
.28205450539535906760
.28177309821855124668
.28943669628321399051
.28340442444358760295
.28788637454260991352
.28097787973044002931
.28800419803405185646
.28153965316975818881
.28335430041664729966
.28556284030974780342
.28429970415480808390
.28061317271972342961
.28489083671533728366
.28855241289739255373
.28254661764707648611
.28429858317018002600
.28312495229976869150
.28836204568644914948
.28245800648123952822
.28599668805091640294
.28482827509704757605
.28367606304006520501
.28496963926567873491
.27974027266589881889
.28555764908331548766
.29326201629129628968
.29167180618101048571
.28459469659770355890
.28741923088897697515
.28609074399923249920
.28336353519477368142
.28357294579933897405
.29011273008426348034
.28305893431220913869
.28782265190452686022
.28395903158831924943
.28723300064511330840
