.09320448538144362517
.08871275245941371197
.09417683716970336816
.10596787938592416232
.09344217507093302137
.09546313631378925093
.09444778145670741323
.11721119392672233821
.10461899705231846513
.09442241214144486219
.09652616884794811897
.09966080144178892501
.09800079980717324127
.09568192794286011731
.10010261014653832200
.10605310364958976820
.10066261490698635842
.09694184299907294700
.10624689194696252690
.09819989486623042868
.09741577507941053157
.09825307893239067502
.09831451426436746254
.09822752662534590230
.09846509986551933925
.09344150964627039708
.09361862905584441733
.09513554775237931322
.08824139889964379652
.09238799268478705638
.09473868848359018698
.09532005337570846309
.09647646162565008455
.09701573840785737435
.09405506445644312319
.10011531975759444593
.09568104625518214013
.10587235767560444557
.09424640731818073763
.09905875847827959910
.10001329352119757675
.09976024915761812507
.10038664666377949996
.09312004299175660284
.10057655886249247218
.10323873994587003269
.09217936541743777602
.09599028573152021305
.09243718420297155698
.10403590205607736587
.09240051930406095863
.10710710304395351151
.09840717464863789485
.09056421340508296939
.10324966954595363664
.09783149913738505642
.09706667666578126371
.10783699072076952903
.10057519474193409239
.09983530905956214492
.10153916217944476933
.09058926664363077389
.09796641398773213111
.09562719676435926950
.09390828841148477054
.09447562947883823974
.09695298886217190385
.10287575079240848278
.09841705620487786555
.09449298042691616809
.09875133228414717737
.09904676419873579629
.09336302280731386214
.09722804214646765390
.09833653982070032652
.09654055865627736923
.10368520662325779971
.09539958825850863129
.09728099331399598174
.10394207717864734105
.09551229456074062032
.09589947190068856315
.09533733778132012901
.10285305981141299451
.09947185410883675801
.09950008475014859349
