.28513271911211696477
.28355181814454128376
.28568559330137949521
.27952541297437949334
.28869892864020769115
.28546908312936060217
.28456799832690376687
.28762594427809849298
.29105279520989088654
.28648038092803630392
.28559379457459859093
.28479131161730855576
.29603387987653319085
.28400797404782582312
.28926594191522305796
.28374022363076926280
.28786430125834021731
.29442918658236202709
.29050179218798039666
.28537827574952117633
.28152471191860615332
.29187933072234854255
.28550062035393638530
.28433747298749972227
.28424309675867097402
.28370895902660238625
.28365823923870899515
.28412650196651634006
.28500746242606116286
.28708858466847010024
.28187325711139320715
.28243345487618590963
.28211520772429779086
.28189837536452291733
.28705945146022740235
.28723883568928792752
.27996511251843549046
.28782499435211059685
.28191099025435323058
.28535139785557034191
.28445126722454467962
.28722680321578573285
.28499316224643033625
.28298382591442120699
.28716666563194829650
