.10623444901301362536
.10607943249315287634
.10909053731144737264
.11470012992931322185
.10363889874859525510
.10640692663568316508
.10674244566474869691
.12545021213516777536
.11144031927166983169
.11036792201110023968
.11011219234468164430
.11032641907030754073
.12322209992703589362
.11917030353485092527
.11352765954381129367
.11832921665406507849
.11573291149234482442
.11899885979326874815
.11757850410896345200
.10752294383165291280
.11386417963234236707
.11315267251450596707
.10765119431891860765
.10961266367137639982
.10643804153316950640
.10722339730010323549
.10570597166926222788
.10842122238846191333
.10606856853633011371
.11245214422916870332
.10798630307771137654
.11646348797245924585
.11441328536540828514
.10396532618841636020
.11499046999594209879
.11078157291091074569
.10966882146631219097
.11190051123122256554
.10157768448742333711
.11273276909573855386
.10691095187117789137
.10741361500936704471
.10679107089747656048
.10471797520920542776
.11510828320746870447
.11033121102709341187
.11634437830687070929
.10975461718575237685
.10383408893356495115
.10878184995822053705
.10417564714104555345
.11143167077431998893
.11233529925548581818
.11323608866636412790
.11532159092768361191
.10909437744120043376
.11217767341669029687
.10578124805890877200
.10753951875067253555
.11200304597779147935
.12620637306949169368
.11539624370651555636
.10737490190642913375
.11034192728661797984
.11233854859604610066
.11284513391804286770
.11140198361738286263
.11410097122297022517
.11064592114792440741
.11009648719864027898
.11337626981316176903
.11482570545440050233
.10456018526230080127
.11381424153474166209
.11011910129607497220
.11113072932384291763
.11469942426444406959
.11500322119601957095
.11339517506733068528
.11056711643393210201
.11334953660218853590
.11297213718367936322
.10966896916361038563
.11081160469487699285
.11698356298102445833
