.25229474141348008572
.24713952964696582299
.24965233263348531294
.25089922830602813087
.26506337576735423669
.25154951856996275673
.25725028906907669140
.26187283986854552680
.25631072034913972183
.25219922257182673511
.26099611285913367552
.25148744458357777205
.25597756994818392482
.26578133742458645772
.25490387284165524899
.26372399027385641348
.25609494798989998872
.25647402225305650523
.25436569821942158938
.25979766755914365314
.25320220530573874074
.25697170291655329941
.25359879763791103323
.25840935709998822451
.25406458285304045840
.24854584672686256717
.24858878344422713044
.25281824552532682855
.24821677224315984313
.25546112889842641119
.25230371680660928408
.25606838473465136586
.25208241683356058899
.24655878123150657237
.25256323548321590318
.25443533777824207253
.25585342197541395547
.26584991612823148352
.25075619431941087474
.25316892795391913124
.25171928331527739214
.24823124733285654408
.25751072901465147083
.25662879543970744071
.25077805351947358803
.25054765252570912725
.24883456683803572280
.25037544502176679400
.24981122361325151051
.25273361440784264548
.25485011819322516668
.25051599437389416317
.25462837154431312113
.25944891142021204932
.26133523754976178498
.25273103206300765061
.25464799736505908210
.25254896977283014777
.25739252741431235452
.25351895432733713794
.25300129887757614023
.25287063222892540005
.25206520585420086646
.24836674366427976114
.25017667426257583789
.25183356254319146220
.25079592055400760656
.25277535068382445438
.25356286814815278035
.25382295912820931723
.25402993755638933810
.25279184977352696211
