.07782329830940077635
.07854590101567733170
.07804716427794472791
.08284834678434596050
.08557510853309794329
.08137253849140602939
.07696901994431698353
.08988414675899275790
.08933267036345066768
.08670736306169535482
.07800701968315158594
.07819086249690393054
.08221637301635781207
.08930536371167694018
.08903328606252359298
.08757760211269517642
.08298298904890498158
.08639054344626218345
.08241215164740388254
.08540275047377648028
.08199189984780618551
.08651985969932531232
.08097820545785023128
.08621445544403643110
.08606772122503885343
.07964434317813306921
.08111491220243534739
.07981132318024369643
.07889707080297326067
.08305986056987663761
.08125420388419599424
.09115956170082828847
.07879736856171302434
.07960558646907175583
.08264604509036029566
.08612760849436725709
.08345941552349844079
.08866610354359669165
.07670145292379207925
.08639684097777035568
.07832149724141229657
.08264184673602151418
.09012055574483811033
.08318098829712197779
.08647723425878652675
.08945124785066377284
.08668496605569797095
.08646803951581316234
.08237440115549814490
.08672549231906736578
.07878735843587221063
.08598222746395821229
.08088211171949274928
.08204677337992835838
.08354938521606422914
.08963453551012338600
.08123813910685007832
.07734921389197977789
.08958375624091010746
.08170882320422809674
.07901113766155792290
.08659624546029082834
.07782650779515562996
.09000478872623195808
.08275289494313944923
