.29021032719504209305
.28231209491700358443
.28298191789691959928
.27839566742141000980
.29147725938964380960
.28460346741248354379
.27578923950202839230
.28867795470250423679
.28751836545264850939
.28801585630818517497
.28864218624050991780
.28176148345095172967
.29493890034326831474
.29054863149326067466
.28834661129503428709
.28758210267351412996
.28885679701247583172
.28697808264643050593
.28309927651180750483
.29536149902531880035
.29104146506218134911
.29079581823236317171
.28674386620016179064
.28753281305682822381
.28264859639459662108
.27893190640080821451
.28179752734387495136
.28101118456144541645
.28475246302543222781
.28693462715760226610
.28504130243273741974
.28601447502207672793
.28363352487676500365
.27908434490036818230
.28267348533489928337
.28510244809895381944
.28052769060493207905
.28878727574210325443
.28711036460982986695
.28934181835868581137
.28606435305938347166
.28719751345965221713
.28261624578003823107
.28230986643039700802
.28796415041107753150
.28541694014140999478
.28632564937379839345
.28474860699242759000
.28407072139804733243
.29025220521582298105
.28151364569329000805
.28664218210904598426
.28292564235030970644
.28486626607741975305
.28907582719889186626
.28506864521222485155
.28134357961428026738
.28799764030811456450
.29063019660697890644
.28533496188129840895
