.22535804560245516985
.22400494376460532868
.22884737825495345090
.22120196397395632440
.22877211436872306996
.22986401900478184461
.22740572641649640972
.24219685828934988542
.23485708246759142264
.22849640219540390077
.22974695951826486527
.22299388347195805810
.23153905250198207430
.22879181945457247626
.22445722102484951560
.23468281606639645303
.22918579105727399583
.22472917434100005263
.22837455739456839357
.23354438834430437722
.23316974594173540075
.22782947973368786104
.22501340177152046930
.23236136033619218517
.22473154531244488215
.22167464026291181895
.22059600728408690710
.22242577558234817543
.22080713939982038446
.22986763329052091400
.22470002874080019708
.22289600861414405907
.23088736786894195111
.22843607253784735455
.22821013630772664897
.22459671799723463770
.22333358296000171173
.22731649693017026467
.23012990032089074506
.22539223674554676626
.22466404491198202226
.22433900496689603406
.22476576536982239111
.22444101456759552847
.22235886792474652292
.22247413472553692384
.22401075553607375225
.22178903963512484322
.22439778771015625859
.22828940482255591879
.23423231703473588824
.22252052769728361850
.22510488657214779364
.22768379510411745215
.22889284596955094380
.22292457592862566352
.22002716208018625427
.22381435524901272171
.23122729867127290518
.22225753780976597356
.22122341837410344028
.22899789157027125649
.22509434731493266731
.22477026154128179343
.22541692954571608832
.22685198892698506693
.22259222066920379888
.22651562903896431342
