.07172531061221281860
.07576451888261082036
.07252055286622879198
.07117395403442846788
.07946124737627929926
.07310378744417412660
.08228563819054247287
.08077830213293042578
.08047701708140893627
.07612439873442821361
.08242184074123029575
.07720348801487761448
.06981636867757266183
.07695362521361580733
.07847608434630422595
.07793229879355810891
.08047132458138018914
.07717077511471241433
.07614866775955077219
.08092160133365408674
.08144534928629901390
.07944384730119142888
.07841549717099826072
.07993630547867834267
.08432097260082091164
.07557535710665555339
.08201158226415849044
.07598345243371643480
.07116234133436982374
.08141265536113390958
.07932722695060249611
.10796630844522985765
.07893645579862910179
.07928637377539618757
.07688383516326336758
.07505697907903774435
.07552742625641350260
.08513500010493175053
.08017064672986176599
.07928775895040318270
.08182733501322804182
.07449520522620078640
.08520513170528591512
.07697466848872207587
.07282365951775948057
.07805056996915537835
.07587417540816458582
.08207454131447643364
.07649230501128614031
.07642219238593207155
.07431137542527244590
.08716010699015854031
.07912950744960401263
.07485018952799345712
.07673643736251900869
.08000070662900356848
.08079245748300191029
.09999544220497698314
.07391825137328716944
.07428424117513541794
.07344509077089770840
.07962361645209926309
.07589229653325609750
.07740447121589257965
.07954211882668770008
.07841621822100190202
.07935153392572524633
.07971949712758346050
.07304166329386039964
.07108433510897589231
.09339415352164047529
.07849995489642477223
.07841712902100650156
.08151494958665049542
.08096266323386144934
.07234676084035114225
.07821013074496116027
.07742633041600296861
.07548995063122425069
.08018428975493066327
.07877065224779179386
.07984304335320736894
.08331861822075902202
.06887879494783791449
.07991017690354639337
.07923538795013870915
.08309657276963769249
.08072340745765320767
.08059614213201051777
.07447235932608541460
.07245799229091286107
.07772989246753595697
.07181584033766999371
.07549507388125012311
.08005457665427561211
.07873793934762659371
.07938001540086907778
.07793757384358474792
.07161561613665886150
.07441951395081854546
.07414509749943274238
.07559786145676920036
.07428105337511931955
.07693248706350905968
.08006188202931250425
.08267403746750388922
.07681636006292261832
