.22867903624986877337
.23564346313050148206
.23523603907179149947
.23313131241551704895
.23634397191552827858
.23913860635912419872
.23406034270768226016
.24196774404996858848
.24004554885822682855
.23458267758114149372
.23627346527984662328
.23346367226675561981
.23544222990586599779
.25387815070366908246
.23352267782002111856
.23707119750070192321
.23933102446841711332
.23514043007361892860
.23738142669770120651
.23743463170505246980
.24281043764518866433
.24162616904573819034
.23597492289702922327
.23374575595771784922
.23032803430128538384
.23435205587634447654
.23364081751008223460
.24469572936378640893
.22992713942849364166
.23770489999830269741
.23080402195566634186
.23927633360694003602
.23227230299903082308
.23305836269276314177
.23151647472193525871
.24152170207104634362
.23467224315339849414
.23452554363259216454
.23918363916878348494
.23665650132901079319
.23435851362696820667
.23052502426942695693
.23148587184176705088
.22934098426291891586
.23215947809488127255
.23771177207363458721
.23109162045136476559
.23090727453035151366
.23805487579316750554
.23356396742024806564
.23922534309371859169
.23237196952193157837
.23371036691281745202
.24057561303055207539
.23625642081857646832
.22870139549705049384
.23855047957942098894
.23251795468979280508
.23999472978971220892
.23366199093137508428
.23504933578605940800
.23570955506498240149
.23684197592767730769
.23307533571873878645
.23588791470831569120
.23190631141113680814
.23233085136641145599
.23525614096366669481
.23224600052359213465
