.28795942760419510941
.28740413055139085929
.28460715228726611906
.28179718247307577149
.28676515374816402643
.29104848171979483269
.28726842135070552783
.29097315096941441240
.28437866798611227333
.28769343605285185207
.28867020580778453933
.28279182667809872473
.28922772926060003277
.29417448648558115676
.28833947155611433136
.28707363664972186509
.28548227929168551043
.29004656376473514702
.29063738201771877919
.28651207784688599313
.29502709648988683728
.29578134009369576748
.28503975698945077280
.28683308424850707546
.28179829567308139315
.28465767638752126576
.28667688204771825435
.28336418858098915234
.28754949170212493310
.28767009680273398886
.28833894025611164830
.28928731076090091935
.28126785587040267215
.28443054563637425547
.28513599818993679086
.27832282200553025113
.28333305693083193751
.28627203144567375881
.28612749254494383736
.28893158010910447956
.28997730501438539033
.28668342209775128160
.28499810053924040773
.28836578355624720696
.28355395123194745373
.29008369151492264216
.28817702025529395229
