.28911183909491355460
.28529935171109152817
.28725333410645872764
.28757669687058449750
.28991812400100419376
.28361587372162508044
.28378642661532234568
.29962735432693471083
.29331284499905794518
.28421076354428957095
.28949803108048453947
.28211467078171861659
.29679056704184084838
.28967294303105114720
.28824217529158479214
.28654631042204094597
.29397779931058128075
.29511698321664674987
.29281579746753113029
.28719381572292893699
.28892585692954093341
.29059001956730774332
.28184989323059049076
.29002061936164462793
.29061856435906505057
.28339547929498480537
.28606868050747756579
.28534540942927405303
.29406600310060609938
.29259740999669286921
.28398179161864833163
.28732057351740518358
.28668909829661735526
.28820589668925284500
.28955473716925991562
.28657590343275217135
.28497032600798300546
.28642046023178089678
.28285817759899593919
.28935429725221800894
.28407651481924020208
.29037894406283095996
.28769436583974079540
.28175393006367508301
.28461698673840677188
.28192688619107157519
.28949734078995391046
.28562850524577979699
.28378067419423377055
.28603768134938913315
.28982395047620523161
.28933107025417814004
.28482232260495295472
.28419005482837070049
.28797939191310070569
.28001510100017856794
.28313338620703134793
.28619538716932191394
.29095216643272848416
.28338007558962539864
.28578274682990145809
