.07561027235314889220
.08510287806816666734
.07688349379805058011
.08975688652466681611
.08392119843834999984
.08055474476775326676
.07924693857881161039
.10852106004806116335
.08808212628101028161
.08665293140341795450
.07961098491518484922
.08007245692022854325
.08456968804543771723
.09263195289975204860
.08534700667928559413
.08748943065763096043
.09194352492603063863
.08387405919276436527
.08393518969484094653
.08337114364923954186
.08214230766961170073
.09106106661779419290
.08088873897985438660
.08796872526568634939
.08521371344965974137
.08037578325593813813
.08042991812976924604
.08769782854159880209
.08007117410331311415
.08491122522100156017
.07972847384041261550
.09541008962870745848
.08013153491524043795
.08122186087645301465
.08457779544834322913
.08731505307826029844
.08610929069888464201
.08624164319610584677
.08344337479369096958
.09408348589589838106
.07592452828897794299
.08422953631214253773
.07992395803409847091
.08221662552957889312
.08684793667878871638
.08060092617670871427
.08267854224448660256
.08151899548251747176
.07874323624091199047
.09543639592758652451
.08896217289344572064
.08103877724628297385
.08376180416055154970
.09226159510415489861
.08322849440824382621
.08010456155156534879
.08641850088817967168
.08051827855890400228
.08065983312946521843
.08401701630981978390
.08200812502025781713
.07967153387359310262
.08134865450037402666
.09387418148797696951
.08177396817262815919
.08193091654617452451
.08295320189819274188
.07757902002537069775
.08841589813817939374
.08115754898842616923
.08603107307549454517
.08456965383698663912
.08450588928417704345
.09095303632928952383
.09162749015074552616
.09126833562287645695
.08265969338794256436
.08727097548904615465
.08634816831276307903
.08963496760502443467
.08558172796635804088
.08838683805898853992
.08396406162755087075
.08264977293712991267
.08415579999584367320
.08158761763538015895
.09049070911296887707
.08475020604177689984
.08528031730390882012
.08811951611803865504
.08257376175883435388
.08905120038737650001
.08389336986339795795
.08311839450844893153
.08313043588322842600
.08469641325245657302
