.13620183136314243259
.13600016106778996537
.12866291603486574369
.13891357059247300497
.13024388907127081928
.13523691066546004309
.13210446172958204107
.14669344844780105316
.14143030274752408208
.13476454102191280944
.13257258097311629982
.13739491545099500507
.16403023887967125553
.13630372911082190992
.13927693185674010778
.14322496224773935845
.13551110940313917608
.13694474056541026068
.13913371255103975411
.13226551354059998871
.13630066115291780773
.13775530463104250888
.13314672053276367321
.13621357588949407377
.13317465173284893687
.12972375835389357814
.13243081575163091125
.12911892323625776567
.12655968708107693952
.13062217467242558585
.13072118023062255018
.13534417733947169925
.13660229574331227122
.13821481122191889742
.12926695220513069621
.13326037878574220893
.13032004473466118920
.13511473563350814036
.13057021113542485505
.13536482213953472022
.13237743008831004975
.13835032867496416122
.13408519607247059854
.13358326537620154694
.13359609647097755765
.13426101243090203795
.13465227293735957002
.14261349586692540844
.13751771366189617855
.13004364090223848276
.13046033989298419547
.14511552739035266257
.13358019741829744476
.12985187755428467885
.14347073443796329461
.13208097267687875870
.13120547016894301420
.13298258478489420619
.13656025513265762094
.13463840321100144139
.13487442824330088622
.13467862222165053100
.13140030147480092030
.13413821422000086447
.13745339839854195301
.13440078028396027666
.13592521980440330257
.13762279122011167847
.13130847046399427826
.13281860882649891116
.13740589298787062070
.13398553537742952905
.13168138713881686601
.13556721148752096139
.13087723063109891456
.13057486100912325993
.13823136541144311547
.13758683858842298096
.13408951038827324224
.13487624984330644690
.13433114403111612389
.14039133560751039291
.13619007085784337420
.13338367234401331558
.13728528389276560347
.13383514152433885308
.13363129809213764681
.13785191334712689338
.13160291452805100225
.13171179507575179550
