.17331943178376915947
.16877121164840198793
.17133290393788420773
.17499538066828894113
.16773148539568688156
.17320268028844306232
.17031821892096715433
.19403185417361616044
.17408596414906683351
.16898983439580524714
.17517192983534887868
.17335071411332657984
.19070931721511943394
.17444647186050694284
.16966848416745192744
.17188614769256310653
.17653428681668862323
.17227961329814135309
.16901376883665089997
.17367714176352403513
.17913084314717144715
.16937084855816899222
.17256384439077855339
.17424740249059608595
.17195867350624954845
.17671595491040341139
.16768787460013189307
.17221277518073807852
.16440805685236738829
.16939476762686252839
.17094377327920286168
.17627345213957299236
.17121247849820222681
.17734731994213921944
.17175187194382400731
.16981000019983797752
.16517000831633429512
.16985052119281751565
.16862966487171170452
.17090803302553160746
.16936144080107359111
.17501092191407889296
.17702319811475926442
.16902477529756643460
.16503095182828691200
.18087993273146233746
.17395457836492566796
.17106390664799462590
.16841842075732444618
.16692357119689113596
.16601532296122989515
.17295980028499970025
.17169865355319610101
.16851555738654967435
.17248944317453387792
.17998313674912801468
.16900517580361768228
.16770532199278431180
.17570392927580254164
.17100143422179248517
.17253403778782433320
.16820763780750068791
.17836949119713709039
.16830514336837671611
.16855613986813767915
.17356927537212137237
.17028192526981970003
.16673827527527681403
.17484877645355227378
.17150863838088196186
.17066979541202747926
.17225973710545450074
.16986583185632571746
.17325346987903653500
.16895659980292900987
.17273342997292964013
.16990372421129330528
.17018552650389607196
.17294536583416214854
.17287027287107222299
.16954478445936909614
.16750589906337477154
.17293143866434444689
.17651782324177167128
