.07327444891723911827
.07036930971259089555
.07246104011593766419
.07814323612502917781
.07799171212478673940
.07907959372652734997
.08471411533554258454
.08819822894111716631
.08590108093744172950
.08117342172987747477
.08233232733173172374
.07869814332591702933
.07398755931838009491
.09450626415121002265
.07993661052789857685
.08017910412828656661
.08266067533225708054
.07637142652219428244
.07932024732691239573
.07877823852604518165
.07649781612239650580
.07786863452458981524
.08622251053795601687
.08512993693620789910
.07691742812306788500
.07980344972768551957
.07596164012153862420
.07384348731814957971
.08264650733223441174
.08693659613909855383
.08033572492853715989
.09129778254607645208
.08779284014046854423
.08001394572802231317
.07462125531939400852
.08410579293456926870
.08653910093846256151
.07572727932116364692
.08210172013136275222
.08426776813482842902
.08079739932927583893
.07652100012243360020
.07755057212408091540
.07194048571510477715
.07444165291910664468
.07925235132680376213
.07944685772711497237
.08363291293381266070
.07576636092122617748
.08008953292814325269
.07964072012742515221
.08171532013074451221
.07854969212567950741
.08540902813665444502
.08051092972881748757
.07705513372328821396
.07806288332490061332
.08217980973148769558
.08032753692852405909
.07377719211804350739
.07393243291829189267
.08158578413053725461
.08232643933172230294
.07694642652311428244
.08114328252982925205
.07665686572265098516
.07339139931742623891
.07421483611874373779
.07755570572408912916
.08430572733488916374
.08199371213118993941
.07906351212650161941
.07618705852189929364
.07745829612393327380
.08101301052962081685
.07405048731848077971
.07461520171938432276
.07777448172443917076
.07671408972274254356
.08669748813871598103
.08515527373624843798
.07845325772552521237
