.07153193862383805533
.07447067098684650582
.06710618308872811261
.07265257924104625766
.07348249635149902261
.07619866581774323228
.07858525097696553051
.08028323277908502478
.07803478080176230646
.08040316923705030334
.07882992366435757180
.07863760511065786362
.07233714365793088985
.08051169419017542683
.07928723201035054331
.07639136989525510786
.07539849186939918235
.07534625339285049946
.08640581354487795955
.07817368503128622117
.07453883159683770238
.08277518159617267381
.07376387090580940050
.07934573524884694647
.07836022072780341833
.07358533482839467692
.07801107108731401127
.08159247164520551986
.07982897007120817573
.07750680594099905027
.08329816392356836215
.11176263992827714999
.08233057625979061817
.09071336747917737701
.08258596650916091321
.07280063966110914816
.07256685802141083596
.07704463999497276949
.07240247066790265601
.08185104246602619596
.08074549510606434740
.08073099941072685311
.07354793901861443899
.07867197455851258745
.07461075106399753111
.07741333569273906380
.07733611527316193331
.07478587525567457319
.07129069709837430392
.07512692889610846482
.08050344398059504444
.08070023461051589448
.07154747523346840161
.07916735338095708986
.07115923347842522005
.08005764352039526986
.08764108966763413868
.07863430888206383234
.07614012402686561238
.07622293454171917020
.07253262350689037072
.07499062695231668006
.07590630383478608344
.06881896900523483509
.08088678958322370000
.08013681083522384573
.08006732016808067163
.07287959493784103196
.07474236889347148194
.07450824028234221908
.07733705980650174344
.07426194839493907471
.07831754324179648700
.07671636646891222722
.07822069966018003577
.07916054888567233522
.08366591508799484632
.07416444942284193890
.08027864504572023270
.08123761625229603526
.08430628941619550838
.07167452460576816873
.07366905132420682813
.07477723952228202340
.07795048602023190414
.07835135368012356810
.07999222012947046185
.07977474614702683073
.08042391041814490954
.07574442238605699160
.08203757816254339312
.07996511780547509353
.07639846353339898804
.07614629240786029080
.07911093197104639066
.07892713349359558206
.07732223641592390686
.08215857481099213204
.07472866352194893082
.07385932660170204908
.07744128616912120040
.07891350522683546442
.07365401589553229948
.07709138475719806691
