.07699924755417603682
.07325748464645663345
.07692066872937272364
.08503646834329709856
.07975663209299575323
.07932169829770941476
.07549005192970931247
.10044436504014511795
.08833270717320553512
.07996254433162807164
.08110558049133517550
.07950501912421078063
.07533818049195309080
.08707589244694799756
.08742258579374497911
.07961819049075137055
.07642972966259020559
.08029943318414845798
.08795877912008467798
.08070443559071426170
.07854496447335248288
.07885195765479997234
.08391955964283709633
.08362522836747723166
.07875802024151237521
.07982506710586991144
.08193648012833493667
.09148221790661760324
.07894366271511020261
.09427930261078681174
.08420631877689773265
.09026153158094577081
.08420496150628749360
.07734035108911769178
.08107136298489809640
.07962481611438819537
.08508113326166825453
.08047709276349922151
.08788389707181188430
.08312337755934134444
.08319129466632475354
.07699955115418095872
.07663040926584357610
.07960263545520507833
.08222375716828632210
.08262391983359719448
.07794260420476363052
.08142041369643917734
.08081082060420365639
.09013946652014335136
.07833415891699377633
.07641585335648289324
.08172397798371343132
.08381260314698549573
.08777670841125063754
.08484877210496009366
.07919300761327017049
.08101014293684678785
.08072099072039441427
.07547847941187464271
.07587646330067960504
.08282090266032004549
.08152745948640987262
.08722394209640696717
.07823813202131936383
.07851689040230911735
.08095411980652678934
.08119341018687669692
.07437925094699538595
.08159793040519938940
.08347960751805763718
.07738515887807939923
.07868104871085276616
.08180777158507187347
.08056413667079270980
.07719794482798550557
.08438626428569731984
.08160593115827027219
.08263526018672221809
.08504493342578727366
.07794080046355791811
.08153592456890004772
