.07545079628649146653
.07438758027118115591
.07768131471861093195
.07579183149140237348
.07608964109569083178
.08008946995328836733
.07975209554843017590
.10123384625776738612
.08056929876019790215
.08496794362353838818
.08123295956975461781
.07777309871993262157
.07343158345741480179
.08656278524650410755
.08315473879742823869
.07992211155087840634
.08053800595974728583
.08162837877544865437
.07962666034662390900
.08215562198304095656
.08780856606444335133
.08229383478503122091
.08461795001849848027
.08652814844600533763
.08232806678552416172
.07927319954153407340
.07600563629448116265
.07729209071300610627
.08664636764770769413
.08892294528049041204
.08193843797991350692
.09339072294482641041
.08201967958108338597
.08266871479042949299
.08308949559648873659
.08251747798825168304
.08408459961081823440
.08020865715500466304
.07931133874208327789
.08495500762335210978
.08038182355749825923
.07636370829963739952
.07802571152357024594
.07506092108087726357
.08248970518785175471
.08444166841596002519
.07773976431945260621
.07847972113010798428
.08049530835913244038
.08423178841293775315
.08286076599319503031
.07809690352459541076
.07778628112012244813
.08308909079648290747
.07861406193204249183
.07979472274904400759
.08049470995912382342
.08015041875416603006
.08391745240841131469
.08179816597789359009
.07720674831177717569
.08635624924352998911
.08048766995902244741
.08216516118317832104
.08827922527122084391
.08712691805462761999
.08374521880593115081
.08018412275465136767
.08049386515911165830
.08299376919511027641
.07991260755074154874
.07818550192587122774
.07843158512941482587
.08279203799220534709
