.07891511979794677680
.07799860198945371177
.07890010846447433844
.08103068895088438428
.08260154909877435499
.08828457008477034946
.08160123768950480259
.10081115680085005303
.09422899067318864691
.08420148738026711640
.08780879514702816837
.08403303997870617047
.09475848594476196976
.09494385061314634902
.08574588372791185588
.08720056627472524748
.09304284232886367225
.08622634759903082109
.08894351702420992443
.08895677422433277448
.08684931793813701290
.08656794820219632001
.08667842486988673713
.08733850187600345072
.09403016640467954202
.08449565891632643930
.09324849759743607774
.08172072115727868273
.08489344238667923279
.08395518344465136659
.08277463483371161613
.09276803372631711254
.08712665654070701728
.08099516775055522116
.09175908658363420235
.08034460354452665952
.08344307770657252009
.08553982365933569925
.08460991371738520045
.08858336308753916462
.08531858359061887461
.08623201479908333714
.08565829512710020152
.08600423046363920230
.08497322172075185462
.08901570635821221226
.08668299573659576050
.08516199345583447270
.08158698535603939764
.08874062788899648511
.08165040402329374395
.08585270032890168972
.08591866586284630367
.08298393330231778194
.08820664608404825372
.08354630170752906249
.09666121462906058890
.08728253827548485469
.09116851711149492524
.08359216217462070282
.08234507456306435762
.08554994365942947792
.08133791528706468167
.08644267946770216307
.08584546452883463797
.09027713063656807724
.08594116599638813824
.08173025082403365764
.09060795343963370188
.07823201979161671674
.08200121382654458146
.08734044154268809163
.08818149788381521373
.08580992646183865188
.08388216764397475351
.08796550334848033103
