.24461268152173470997
.24113862200958235033
.24257946525279628311
.24270053810911480068
.24642874612465189083
.24319441764605673587
.24426221415283229713
.25386201795097845621
.24807774600129144381
.24713956551366070094
.24889009487909546518
.24027730174552773193
.24713957963459099234
.25543890223661979723
.24470249063838805401
.24638552195702989616
.25182833569134041293
.24523569696619155573
.25326372825546186287
.24477724684335075894
.24867883164100573559
.24477250221077284643
.24290568698438835134
.24668074824663232758
.24363316907114102088
.24433976630199270050
.24311221971083045982
.24312405305041465830
.24212496899043708008
.24767148683680768468
.24848550198438609200
.24094308948783724736
.24351566881018622909
.23851331513352525749
.25144622331765495858
.24431388263676855276
.24341737301442774987
.24168402882115762709
.24470969231283667123
.24063779497493704325
.24076745335687273586
.24249438664779056017
.24140786578744859417
.24413667908254169516
.24495252995105798529
.23929554406701770923
.24215659987428983018
.24186921070099912925
.24213981008817334809
.24243817122430047171
.24794084358211625977
.24223187855367331714
.24200509641319333203
