.20519302325416077140
.20281587966042295243
.20022408345972966627
.19697174251118018119
.20462235891693053704
.20651600839867200324
.20149191707199982181
.21037357965551796116
.20338515188056654308
.20661921758991476927
.20546513771533089380
.20094099413983869451
.20995746993441766025
.21371270577563906468
.21085366752357890911
.20863464769722507821
.21430580689357424818
.20503211525260349591
.21230573450348574271
.20503734309655653027
.20536737851438477548
.20899840493001383113
.20496129499825955745
.21211190441380496760
.20273141962058115380
.21096826541737091995
.20202287645274822870
.20067465548360251942
.20236302693408900214
.20701934758403114931
.20516917954661293767
.20255697550181970437
.20485207304598298987
.20300599250128726402
.20086220623663715695
.21387352491865889483
.20488770531949857246
.21155098489618123920
.20158145685823224589
.20501246270607183419
.20172851773770428874
.20092639172018517646
.20483547130923695160
.20036156242691385296
.20393508255905953072
.20479635874300475974
.20885563887985164653
.20247669181323783687
.20365277898559567565
.20842260160736800776
.20447072182278005901
.20723148253242566510
.20501786826709975923
.20492714370036806391
.19877955464574944594
.20519804376152643329
.20146288994976767640
.20491523665635038794
.20526994512807595676
