.25857291881371667011
.25411544980658471970
.26040692501665108003
.25864129781382607651
.26573612622517780197
.26365654902185047844
.26553078222484925156
.27137039023419262438
.26718489162749582661
.26276068062041708900
.26251693122002708996
.27205772683529236294
.26562837582500540133
.26778059622844895397
.26322709302116334884
.26451275622322040996
.26629193502606709605
.26420617542272988068
.26208170681933073092
.25697265701115625122
.26331113502129781604
.26830102182928163493
.26293320822069313316
.26518213902429142244
.26384265582214824932
.26021636081634617731
.25912763741460421987
.26051001101681601763
.25864789421383663075
.26121422501794276003
.26230957241969531588
.26606905122571048197
.26001559841602495747
.26139628841823406147
.25908593381453749411
.25910857961457372739
.26546713662474741860
.26407692462252307940
.25979330801566929283
.25712914901140663842
.25989046001582473603
.26441332722306132356
.25948638221517821155
.25750533701200853922
.26245557641992892228
.25633080521012928834
.26250183402000293444
.25738432481181491970
.26141491841826386947
.26482660962372257540
.26530927842449484548
.26306981442091170308
.26147559701836095523
