.07258545057784324985
.07371805078936273308
.07433324409003619764
.07992869188074077024
.07717131506671487775
.07799609206072935380
.08330766025227221042
.08323156993447876873
.08360194381580110970
.08226867759468391497
.08477480048177967677
.08232756693306192641
.07647145814660044937
.09631711080386991949
.07986133799295600862
.08222751487155173153
.08612900150924547206
.08079120590230311327
.08081712518635376158
.07502266079503651874
.08037160350665800250
.08257568517038313252
.08629432304059229951
.07687206515085739270
.07759698946246975578
.07250437578234776042
.08466291255139880123
.07994248528994534602
.07599742525444897714
.09262531661175796240
.08385961412493678550
.08394257395927232209
.08408478563945510995
.08034162413895186802
.07886148801667215352
.07308971659292932444
.07559741638751627954
.08170167966204588667
.08275670327514804488
.08134761861683933834
.07946375792606721792
.08267218465869477700
.07533876730821365618
.07574328939313838975
.07670050849103964007
.08685307392830512153
.08704014590780633916
.08432259053927644271
.07532798271100377104
.08438278490454371756
.07701210178622474155
.09947752342219666223
.08140297350739226138
.08212392836221644825
.08693574375666526624
.07543107983525558055
.07530938607783176743
.07689109679299248412
.08686929613755360421
.07798731937997374975
.08386028476375487920
.07663329960624257438
.08351900210683903511
.08097983666392206220
.07619535433265392788
.07254008276806788431
.07867146160129663122
.07884294575962053589
.07771377124368536911
.08640026584847764173
.07997779351744930610
.07812541660038066547
.07981468328166484166
.08479669593292176290
.07896070631100309678
.07668370626984037365
.08082580724024205567
.07921109022000705186
.08440201592578689089
.08202616009776246434
.08144518750218524034
.08664126081402828505
.08112652531134996205
.07953125681683967548
.07716159986653925013
.07809052525646633121
.08538107609870984136
.08011072500641955415
.08093039064511774850
