.28744275407442754075
.27863471078634710787
.28961072209610722097
.28181556761815567619
.28112003321120033212
.28636018246360182464
.28800965448009654481
.29906457539064575391
.29032612250326122504
.28979197129791971298
.29030831570308315704
.28942318969423189695
.28755414887554148876
.28667476486674764867
.29109889011098890111
.29110006491100064912
.29299006732990067330
.29519782015197820152
.29138865651388656514
.28650675526506755266
.29139607491396074914
.28915318369153183692
.28756742807567428076
.28792340567923405680
.28388316283883162839
.28913157529131575292
.28928707129287071293
.28478303324783033248
.28788087527880875279
.28816693248166932482
.28578835845788358458
.28341241123412411235
.28494671324946713250
.28627097686270976863
.28367036563670365637
.28681993846819938469
.29107935411079354111
.29060725610607256107
.29299071412990714130
.28626685846266858463
.28876747968767479688
.28379803603798036038
.28768010327680103277
.28484292164842921649
.28573872645738726458
.28520680605206806053
.28434074084340740844
.28604099326040993261
.28579794165797941658
.28480755884807558849
.28489562924895629249
