.12278799928888888889
.12083126613333333334
.11965237475555555556
.12009911182222222223
.12336147342222222223
.12199372800000000000
.12095353742222222223
.11767908124444444445
.11928262542222222223
.12445128817777777778
.12228969813333333334
.12356489671111111112
.12217294506666666667
.12980083484444444445
.12302656853333333334
.12605536711111111112
.12158499271111111112
.12103182222222222223
.12031337813333333334
.12473501582222222223
.12519745991111111112
.12817468871111111112
.12408742115555555556
.12328306346666666667
.12599427413333333334
.12336304924444444445
.12065002951111111112
.12130114560000000000
