.08025536954472599366
.08018497568843766042
.07301658244307592169
.08184111137522119220
.08366157858267782588
.08187604206336426830
.07961983418212284081
.08338237064553419017
.07227158557602441452
.08374741435902940922
.07832100896080285271
.07883323833890094424
.07622899333623395671
.08339559253358834702
.08189998727946234790
.08546730838207409514
.08159535137421455923
.08410929596051167626
.08472246716302322550
.08815881456909850448
.08599894460825167712
.08532946159750947471
.08863669489105590228
.08468946978688806825
.08992038129631388179
.07779903929466486496
.08132947182112551658
.07659602770573732949
.08074795450674362166
.07528796190837949198
.07870568070637846818
.08048627744967179244
.08164399547041380545
.07804900179168871134
.08123618132474339871
.07529592453241210689
.08332304418129118897
.07735834246085977072
.08280050926715088596
.07613480171984814785
.08243825902566710897
.07944079802138950870
.08203295163200696989
.08402261640815663681
.07751603846150569354
.07960973344608146820
.07681691679464209120
.08268732040268726437
.08166053511848155185
.07474038405013661307
.08297683387587311156
.07802236959957962588
.08527098710126996317
.07905289043580063923
.07316488221968335758
.08282154632323705374
.07950091910963576468
.08781416074368680241
.08636616739375582165
.07578974648643480161
.07489453291476800682
.07946477600548772252
