.08023606857142857143
.07270914925714285715
.08307420891428571429
.07939058102857142858
.08149994057142857143
.08071690971428571429
.09248473965714285715
.10517550080000000000
.08278388297142857143
.08148216685714285715
.08405904822857142858
.08934678674285714286
.07585778834285714286
.08292043337142857143
.07777636937142857143
.08600769828571428572
.08233397394285714286
.08180218880000000000
.08286947474285714286
.08397570925714285715
.08419020068571428572
.08125769874285714286
.08377340342857142858
.08330432365714285715
.08921696548571428572
.07941254582857142858
.07956983222857142858
.07234810148571428572
.07830950765714285715
.07675498788571428572
.08213159497142857143
.08789070994285714286
.08737626697142857143
.07507487451428571429
.08363735040000000000
.07362947657142857143
.08063961965714285715
.07960483840000000000
.07791565531428571429
.08018111634285714286
.08402711405714285715
.08297311817142857143
.07691003611428571429
.07926141074285714286
.08155846948571428572
.07798551405714285715
.07998055862857142858
.07837127680000000000
.07847073645714285715
.08227847314285714286
.08047387062857142858
.08181242148571428572
.08574074880000000000
.08102607725714285715
.07914840502857142858
.08014035382857142858
.08454933942857142858
.08679255040000000000
.08286129737142857143
.07728750445714285715
.07976579657142857143
.07694706102857142858
.08490237074285714286
.08152707657142857143
.08136400457142857143
.08079685485714285715
.08428868022857142858
.08053196800000000000
.07750066468571428572
.08545206857142857143
.08128341577142857143
.08287359268571428572
.07841763474285714286
.08229282377142857143
.07931514148571428572
.08010559634285714286
.08637405622857142858
.08351044022857142858
.07985465051428571429
