.08114382347811583423
.07900229813666056775
.07505617379576859988
.07896860474394018985
.08518280565639701109
.07742826601217238666
.08109879781868581099
.11547643492684396062
.08256666769091951006
.08710721265628809541
.08622124785292799186
.07802851964407853377
.07889562009181153695
.08512371706358031954
.08352761963530475003
.08979699518500786323
.08390455024414170167
.08385610366618018576
.08422245294164367338
.08323025003417694828
.08615998989714010984
.08830847085343657095
.08273408789896187411
.08392833738497265735
.08338970579774466199
.08069850483938988503
.08223218377853983774
.08434217750506070284
.07779821066542728786
.08203881465188054150
.08497899931488331593
.08071695200983021800
.08386233110324084093
.07924170175238334295
.08117983035232646771
.07508002161808126718
.08552796192437271486
.08709862622662590095
.07487588911360337205
.07816405931866665461
.07890504089184726620
.08215561133380498521
.07748470737534940872
.07522966973716734005
.07600345723639829708
.07532399910048805585
.08123117447103971355
.09771428256318305684
.08228818520097445054
.08188548771796570157
.08110041346313638292
.07747726630865452112
.08446618769812361557
.08333666259754349075
.08243196997189013797
.08050075147567692412
.08231477127514935477
.09356064272520777093
.08776498474767164586
.08049703473492208730
.10419908495814764074
.07915882601873569572
.08308674591511417711
.08404410248170800349
.08295303427016261887
.08018001950409014805
.08133465156772845632
.08880018048493105488
.07807261991091245478
.09063230612150919063
.08492728352209458640
.08426418663069084115
.07896109541057837667
.08231579527515323838
.08303194295194336883
.07681200763946479935
.08134810010111279446
.08191252131806822900
.08061908795019980023
.08664137609155840414
.08079972913607008384
.08074297678029928972
.08127778543417945291
.09047834203203637867
.08012589162240338157
.08483388713655518677
.08591554213325005610
.09205595436394554544
.08164356582075189408
.08990184520022033143
.08293357068490361623
.08402214337051361042
.08488608838119760927
.10907082945069825688
.08025069825991375933
.08789296957778666981
.08392262574050655096
.08132988048622888007
.08010310572602066765
.07935235443428448497
.08099866578867642137
.08297786816655310001
.07892690898081909184
.08625163410489508639
.09340303016164704773
.08249409263879241061
.08310526135222143565
.07749309659019604041
.07752936136070394828
.07776944764309597921
.08111554590763821856
.08303166230009045258
.08072144243947687800
.08275164001754696066
.08470309578791100033
.07984901719172368002
.07851082364590771635
.07910018495184662738
.07754416764224158395
.07894151804754116475
.08220217678583344085
.08442535664611690817
.09295814387847829383
.08193872054779722164
.08413815877836101700
.08278845092139027313
.08622732358628436798
.08430205187527889304
.08046629956443515095
.08778855191813139691
