.08203701589333333334
.08189688490666666667
.07655014400000000000
.07670382592000000000
.07983562752000000000
.07865604778666666667
.08215934293333333334
.09534520661333333334
.08205128362666666667
.08172151466666666667
.08333087402666666667
.08173739349333333334
.08185735850666666667
.08217793877333333334
.08243677184000000000
.07705594538666666667
.08347540138666666667
.08412366848000000000
.08876574037333333334
.08567522645333333334
.08108121429333333334
.08220409173333333334
.08310913024000000000
.08795387904000000000
.08886907562666666667
.07886465024000000000
.07567525205333333334
.07559754410666666667
.07265906005333333334
.07259768832000000000
.08057090048000000000
.07786588160000000000
.08434786986666666667
.07954829312000000000
.07802391210666666667
.07957547008000000000
.07951189333333333334
.07916579498666666667
.07831234560000000000
.07566029482666666667
.07587557376000000000
.07810083498666666667
.07537694037333333334
.08091549696000000000
.08393603754666666667
.08179372032000000000
.08105465173333333334
.07592775680000000000
.08214360064000000000
.07732989952000000000
.09081174698666666667
.08428780202666666667
.07903658666666666667
.07695428949333333334
.07546859520000000000
.07816336725333333334
.08060968960000000000
.08302237696000000000
.07944018602666666667
.08170348544000000000
.07729671509333333334
.07462541994666666667
.08181155157333333334
.07857337685333333334
.07833148757333333334
.07898602154666666667
