.08318162823529411765
.07771762447058823530
.07929706616470588236
.08603614268235294118
.11125427501176470589
.08920886814117647059
.08214010578823529412
.08483314748235294118
.08625395952941176471
.09018891444705882353
.08243657788235294118
.08608591510588235295
.07895379124705882353
.09005113825882352942
.08506658334117647059
.09193301534117647059
.08316063021176470589
.08691052423529411765
.08846960037647058824
.08738326287058823530
.08800130710588235295
.08380025675294117648
.08723941496470588236
.08617379840000000000
.08901508517647058824
.09002317101176470589
.07944403425882352942
.08584849769411764706
.08113736282352941177
.08371818014117647059
.07932617788235294118
.08361650898823529412
.08861100272941176471
.08212790814117647059
.08284623209411764706
.07890385618823529412
.08713963520000000000
.08433438720000000000
.08105400922352941177
.08419396065882352942
.08712591962352941177
.08145444743529411765
.08153087397647058824
.08130833468235294118
.08454433731764705883
.08113119472941176471
.08338575962352941177
.07994292103529411765
.08333250560000000000
.08645797044705882353
.08718775115294117648
.08092537072941176471
.09460875745882352942
.07995626917647058824
.07855115444705882353
.08576866785882352942
.08126586277647058824
.08423991416470588236
.08997884988235294118
.09004811444705882353
.08302505863529411765
.08398151077647058824
.09669676574117647059
.08164374889411764706
.08358308442352941177
.08641646832941176471
.08407368884705882353
.08663238776470588236
.08812469308235294118
.08634982400000000000
.08907217016470588236
.09202398268235294118
.08247555614117647059
.08453391058823529412
.09330289242352941177
.08426455040000000000
.08647900461176470589
.08280173628235294118
.08660790814117647059
.09370076461176470589
.08714676705882352942
.08777502720000000000
.08673258315294117648
.09088745712941176471
.08883290955294117648
.08918074428235294118
.08523061007058823530
.08682506842352941177
