.08008127146666666667
.08474338986666666667
.07416874666666666667
.07780438186666666667
.08162896213333333334
.07938165760000000000
.07717997226666666667
.11492868266666666667
.07938095786666666667
.08356162560000000000
.07805347840000000000
.07443116373333333334
.07481955840000000000
.08618948266666666667
.08320089600000000000
.08420869973333333334
.08026113706666666667
.08176922453333333334
.08389101226666666667
.08244662613333333334
.08450435413333333334
.07631665493333333334
.08357660160000000000
.08690680320000000000
.08208849066666666667
.08045276160000000000
.08290626560000000000
.07558702080000000000
.07372997120000000000
.07616794453333333334
.08016450560000000000
.07431043413333333334
.07752119466666666667
.07809853440000000000
.08441890133333333334
.07357547520000000000
.08121219413333333334
.08704983040000000000
.07267843413333333334
.07654393173333333334
.07709012480000000000
.07486645760000000000
.07776123733333333334
.08340331520000000000
.08407099733333333334
.07952546986666666667
.07712270506666666667
.08310743040000000000
.07794256213333333334
.07598203733333333334
.08378147840000000000
.08323604480000000000
.07586375680000000000
.07722593280000000000
.08162775893333333334
.07519351466666666667
.08026386773333333334
.08088320000000000000
.08003240106666666667
.07623407786666666667
.07787302400000000000
.07165813760000000000
.07986304000000000000
.07579965440000000000
.08073190400000000000
.07587459413333333334
.07550093653333333334
.07977629013333333334
.07146066773333333334
.07833506986666666667
.07566602240000000000
.07979275946666666667
.07578614613333333334
.07775510186666666667
.08053446826666666667
.07952651093333333334
.08136318293333333334
.07660020053333333334
.08056607573333333334
.08295796053333333334
.07660451840000000000
.07844886186666666667
.07776300373333333334
.07747759786666666667
.08149858133333333334
.07938713600000000000
.08026153813333333334
.08399604053333333334
.07717504000000000000
.07920813226666666667
.07758532266666666667
.08029027840000000000
.08547380053333333334
.07975569066666666667
.08194257066666666667
.08072040106666666667
.07977854293333333334
