.07929936624904048723
.08020404052299657257
.07891569657035378481
.07893029682846652888
.08261799170516394680
.08685459022238419480
.07531496902297589768
.08726962072698094073
.08074714369898411338
.08672203177033342108
.07567925537256631453
.07416471312240214916
.08056316062740863382
.08006952656126192000
.07792068567674445850
.08627967037532381441
.08072020919566933619
.08811879420075369440
.08131712192022171886
.08634604539489790479
.08568436962497030483
.07934905337178526018
.09066472246722798648
.09089861067445218494
.08477810319617025056
.07576732597930884453
.07600518466396551322
.07363430094000491666
.08025173910379929304
.07668081325974565413
.07951008563038170222
.07751682668186203395
.08102848604830054747
.07801178203833569293
.07939389135903014437
.07891754637681150804
.07862911530489101314
.08061725425339376889
.07424223983233565674
.07708702415141004107
.08792392369688418667
.08873560555762987127
.07818766560020699863
.08110442060339008613
.08071551861500868085
.08284781694463278888
.07901429786100206778
.07395342558622034775
.07912380640329928309
.07446707720082028082
.08078596320878976235
.07986147618638113425
.07656983808518552968
.07762149930156262996
.07654642482059206135
.07925524836502378815
.08280764971869365585
.08115242968741963871
.08649785504701226958
.08562032668282327266
.07623857738731710725
.07579947297296342041
.08470350975076256125
.07636070425223664889
.08663345246681501719
.07949775799163130382
.07317295260299710796
.07845646890432072310
.08138928419142782908
.08180643536699932199
.08421551098786026856
.08501162144210290438
