.08008779592417207941
.07652909930470964721
.08177813038531312247
.07794298907521938212
.07691693400952738078
.08085311234066754151
.07971689606079345368
.09565892359294737159
.08281600029242615276
.08295896481706889646
.07848548309092805064
.08298042644473088511
.07885028132669892441
.08002513418601978417
.08197459714462754303
.08953724677133151964
.08036115449065455931
.08266126329877632283
.08103118241026183031
.08832875727740912915
.08293205833421526805
.08534071114272030418
.08301934550693727517
.08784561288949623310
.08550209354329015100
.07639101466973930698
.07701620551332618775
.07853712800145523819
.07508943298238475647
.07625652462788510766
.07741799486646905774
.08304543278978801096
.08479328074078730855
.07817406703465601602
.08000542395146742803
.07620248567597015632
.08168799719878796253
.07747238692183353176
.07775717191594256567
.07898710891338896389
.08060098941563935573
.07656237577379266481
.08343881828083224111
.08067225981589101398
.08341667869454716891
.08116326428659028493
.07960885346730850328
.08214089474521474559
.08461812730568607711
.07626622791067799097
.07637410101450717048
.08025217970406286903
.08196987262047292953
.08128922334910401624
.07981506588182974988
.07915413390708218318
