.08011603495384615385
.07447089624615384616
.07355431384615384616
.07908877390769230770
.07687563421538461539
.07540743876923076924
.07897484996923076924
.10041684283076923077
.07694791286153846154
.07918858240000000000
.07619976270769230770
.07931807901538461539
.07727650658461538462
.08468835249230769231
.08290612775384615385
.08321687236923076924
.08218939864615384616
.08020868332307692308
.07966217452307692308
.08613339766153846154
.08597560713846153847
.08421042806153846154
.08067889624615384616
.08635302990769230770
.10525722781538461539
.07889779790769230770
.08463240270769230770
.07733876578461538462
.07839852701538461539
.07615147716923076924
.08135161698461538462
.09121485587692307693
.08565730067692307693
.07708539667692307693
.08496905452307692308
.07564629070769230770
.08239961796923076924
.08089951310769230770
.07835310867692307693
.07115380578461538462
.07973542203076923077
.08753172480000000000
.08284787790769230770
.08397033944615384616
.07717307470769230770
.07943451569230769231
.07798656393846153847
.08386384344615384616
.08298932381538461539
.08358201501538461539
.08248072664615384616
.08163607630769230770
.08285685760000000000
.08047535655384615385
.08434084627692307693
.07813071163076923077
.08250933563076923077
.08547496566153846154
.08357769846153846154
.08118361796923076924
.08242261858461538462
.07572720246153846154
.08227905378461538462
.09038057944615384616
.08467775015384615385
.07935258781538461539
.08716087138461538462
.07656352689230769231
.07992113624615384616
.08181925415384615385
.08322738806153846154
.08509695212307692308
.08046854301538461539
.07860695827692307693
.08417211470769230770
.08243545009230769231
.08559875938461538462
.08144063409230769231
.08202222670769230770
.08850090141538461539
.07880432246153846154
.08219840196923076924
.08425833550769230770
.08702724726153846154
.08793402289230769231
.08509011495384615385
.07654571716923076924
.08156292332307692308
.07667849058461538462
.08640291446153846154
.07989358276923076924
.07747374473846153847
.08467609600000000000
.08339421341538461539
