.16689051216842105264
.16582285743157894737
.16025642037894736843
.16512453793684210527
.17075998720000000000
.16706092193684210527
.16539945498947368422
.16608365406315789474
.16561531957894736843
.16969186896842105264
.16536156160000000000
.16872626391578947369
.16627717928421052632
.16784483166315789474
.16679115183157894737
.17354570913684210527
.17302709625263157895
.16580759983157894737
.16599187132631578948
.17081431848421052632
.17072676648421052632
.16916831393684210527
.16542373456842105264
.16600675166315789474
.17321503797894736843
.16731082105263157895
.16895264875789473685
.16578735157894736843
.16522000168421052632
.16314268833684210527
.16502764058947368422
.16334494450526315790
.16225018610526315790
.16268489566315789474
.16473965406315789474
.16429768488421052632
.16583964564210526316
