.09775963603458819229
.10421994672777492986
.09505641060953646990
.09895900920381150122
.10827375793963522323
.10696933407296170884
.09469344649418882632
.09404005257227718239
.10257992002583382317
.10405416990443277138
.10097177190684312696
.10214429872170217684
.09947538607389370098
.10225809145346367329
.09884278812918575727
.10542422924558403071
.10424014585926259818
.09920971951311643652
.09851154460821663337
.10741090042853932012
.10611311793331380790
.10222972372766639171
.10161806219444827340
.09848052618526873947
.10384722242954158791
.10472130298067032644
.09423619245856531737
.09319884534695890753
.09731046867327405692
.09892598959228632384
.09804108389826877118
.10024223334470870556
.10197252418405675647
.09536244032471753970
.09801036974960748179
.11542983860057187065
.09794910529228538235
.09303406911790539080
.09819239599014003856
.10478257328942101443
.10141001465098244287
.09620448430432397694
.09822428627594762614
.09918000595874378887
.09519899236995362340
.09739846830781723300
.09926385107898909573
.10130509268496118546
.10333735234804985373
.10174778836625638654
.10518480634202640485
.10389561374396888136
.10669195295215017093
.09521241554713575292
.10232975389938762284
.09533040375319523841
.09633697235042588482
.09326968274145187180
.10923374916530102613
.10003565450981860063
.09819865116730119656
.09998723393824836444
.10742788712573187548
.09762811347420339486
.10686184918121866732
.09468777060845793459
.10035597341361290508
.09522420617574167750
.09423664886999522413
.09913510794718385868
.10749763030307878123
.09868956262016603464
.10218869351040349188
.09580683292030341975
.10008067540137889032
.09939326712508201582
.10264544432316838568
