.08032145280000000000
.07766018560000000000
.07343648000000000000
.07907157760000000000
.07959503360000000000
.08220603520000000000
.07055336960000000000
.08575434880000000000
.08544190720000000000
.08423589120000000000
.08112420480000000000
.08161628800000000000
.07305222400000000000
.08399784960000000000
.08399025920000000000
.08352535680000000000
.08566019200000000000
.08952558080000000000
.08183492480000000000
.08277114880000000000
.08296725760000000000
.07966443520000000000
.08489623680000000000
.08299140480000000000
.08085339520000000000
.08415208320000000000
.08181239680000000000
.07836300160000000000
.07492791040000000000
.07326940160000000000
.07542705280000000000
.07878728320000000000
.08354065920000000000
.08256616320000000000
.07632037120000000000
.07639558400000000000
.07907999360000000000
.08678599040000000000
.07780590080000000000
.08191628800000000000
.08351512960000000000
.08073726080000000000
.07931659520000000000
.07701036800000000000
.08195111680000000000
.08003842560000000000
.07769998720000000000
.07646561280000000000
.07950047360000000000
.08024849280000000000
.08616058880000000000
.08070921600000000000
.08103586560000000000
.07690444800000000000
.08146504960000000000
.07840136320000000000
