.08335095647682236192
.08576069534490591526
.07356687848282570778
.08267621494745589124
.09229727834700731221
.08915412585240552992
.08332547439189480539
.07845484009799320079
.08652319057151438529
.09015473521308620867
.08084650071147520221
.08760571993244926428
.08299091807570515185
.08228055996440998002
.07950193285275751286
.08432770974045931750
.08513871153691527459
.08933824105297684497
.08187366580557161754
.08663089054760615734
.08663792201429464286
.08248693630444431145
.08353816850164571075
.07861447238939763554
.09227782855300756497
.08163748796241450811
.07987716369028550188
.07832576644910783287
.07858441643778921950
.07847654269199993854
.07819797745477190580
.08158734299256193705
.08556346673823330285
.07985368616293992313
.08467433063850458962
.07811485968481701915
.08023583055200451663
.08375523788413746544
.08133483700389961544
.07211122834497544796
.08848019111092035060
.07825927471556817367
.08216173252161701244
.08466981883242998329
.07911066555457370160
.08371756089008115865
.07997798735120442136
.07761389405902008339
.08300082294846315970
.07847334036471727435
.09332329531988804366
.07878841585660405406
.08584470678759084773
.08119492136710181661
.08114460262755173664
.07842608741911610157
.08195287375733255372
.08156222085915064897
.07931335549459659402
.09298380518550126216
.08111027070017247636
.08896379217908764604
.08406418799418705608
.08502752996081269903
.08635983464373475963
.08387196147237845015
.09068815232989293330
.07790237037506674929
.08543364215601227142
.08449750135310739814
.08398321752120852953
.09554286807829059671
.08318226333690496260
.07973911607773592383
.08615125515217844023
.08441703977710014768
.08664265723855176065
.08190392655718066908
