.10316763696913898162
.09895661664402184046
.09914480852363072440
.09242074535592234575
.11122191864507782018
.09465156606966642200
.10535043401486574421
.10869051335716808619
.11604560783175604231
.10131009323724818015
.09917685006331527258
.09555048350536546248
.10318936895408662983
.10305342812363530264
.10609943785027514030
.10038943608829958973
.10277434368536024139
.11022430306579186102
.10371096750603779383
.11614693359798954718
.11355986907978359611
.11121110675071730814
.09983731847213851720
.11066582868173926146
.11523232770943000675
.09784656972866959888
.09966569607180692977
.09682549102481000531
.09388590774365881044
.09851104912617983832
.10811939957493257579
.10094807639126571741
.11367185217433957855
.10264370447001349694
.09495782321742794524
.09890177661372720614
.10024521051820961429
.10310203141429524561
.09910559511978137624
.10173351144183984098
.10532125967518673568
.09889895578353307684
.11596454567310885806
.09733497159937926589
.10015841395955135075
.10325664382214113826
.10143321281484454703
.10458916536433831195
.09786567409097066089
.09919200526334455357
.09737280163718820543
.10444968497161599512
.10256791301326328854
.10122013580311211144
.11119283704502163233
.09845587677890342986
.10072309006630272496
.09862971720188081211
.10357010374727506838
.11503342440338533319
.10327332922594696062
.10165816049829803085
.10283380524019210673
.09664981126598001272
.09678165609642342612
.09660957772627963697
.10165858555490262568
.10127377021831007680
.10219326039367150688
.10446025728861755371
.10071356879835980085
.10266653387383118998
.09795201467981672271
.09832885440884669230
.10366642930217815775
.09905323587439719535
.10410935374076977025
.10421593475229644753
.10913394786368521248
.10554439120769331434
.10468984968151397373
.10572928310239016207
.10380211509866672804
.10107087138018221188
.10421377082776396477
.09953318660739996809
.10009164143112045439
.11021853775257317483
.10731814469036562295
.10207494009155611067
.09632499073705054815
.10077037954563937483
.09488700105880054545
.09934927620704463932
.10801137337095027610
.10429252995244443523
.10797632552182595724
.11053757751168014976
.10144926449789442802
.09781700124559360241
.09824773042378429426
.09688110388529481204
.10251396173768735249
.10173696599278991166
.09883328067397222531
.10291162151204056685
