.20417247303596243588
.20502629465396741895
.19995080218008282085
.19831345741223549351
.21520709709341729199
.20042275857576053279
.20236392240959655872
.20518952372600375744
.20824470931479279156
.20304508027077031626
.20492316570427790686
.20508647114241633789
.20120334510185877315
.20790058977401798608
.20856958459784027778
.20635686290496319127
.20496275805702642840
.20525490699414080388
.21030369215941176664
.20893172653870892192
.20595803746559845949
.20434976735552963613
.20428152382975057832
.20460811387890868786
.21276513824680424525
.20223144110721184252
.20299869827730847646
.20208913634714885909
.20069658659074561697
.20429513088066888486
.20104213626034142813
.20524076538050784958
.20427302636529955423
.20394502007206627401
.20637499638302370999
.20030126704970422437
.20049422336257331216
.20003623502120561693
.20650436750234138470
.20098100866680281123
.20399723365877881661
.20194654000742334052
.20105495188074713929
.19924429771538725862
.20203789469264476695
.19852290880315656923
.20679136519875097270
.20248181084410868291
