.28263675475910774904
.27861010318353345487
.27731410987687638233
.27889335733782584295
.28667346359008250265
.27863892011896346801
.28509038479374239082
.28500167173514109517
.28875318553797424922
.28022632807223347684
.29529661486520574404
.28449776290973186034
.28201485592735878842
.28863740737163800793
.28329679680322449220
.28297691180579747337
.28430264207250139305
.28256968748515593844
.28770341224401276022
.28719862120321752018
.28345091352962113147
.28988419826590987543
.28774249438561279116
.28550548603747325801
.28061536615284636145
.28517743424618721949
.27746639915711629652
.27946754722180733594
.27861327915892307363
.27859136240811931555
.28333188376943361382
.27806297210574843606
.28285391207637293226
.28177667667775279526
.28204556962586871277
.28131939293549393595
.28262880221755675919
.27899036952259405907
.28348748765890951902
.27965729284672164289
.28654736980526847182
.28447903473739466396
.28181699392089323350
.27720199920593053414
.27916674958441038704
.28613242609999939128
.28211721811828927901
.28610065374302626067
.27922439605834735626
.28337179771411187825
.29046884870375400166
.28300585477199691583
.28339034314183340212
.28298010038426403507
.28047198094646662845
