.08066303745567283880
.08006660450267081895
.07584075022070521143
.08147083507953009493
.07189117667463936464
.07288145663413678810
.07818388363259539687
.07726058987868876767
.08153592826889943392
.08190145752396511488
.07628439130301409918
.07269747981200599819
.07380711942588781161
.07792163999943718746
.08958833218307689772
.08326522626287457215
.07938256143050741326
.08007265994052541562
.07835540640063766529
.08393482263229529291
.07948144108483512344
.08153598362025093846
.07942583511711366260
.08883397075396212447
.08098214906736681256
.07858429530937923892
.08177730444254043176
.08218846535178645547
.07221016651336002841
.07116022886721101179
.07793272134000839636
.07585293858830651113
.07557799735511316025
.07578254273946303721
.07969466556110091226
.07576055718264543394
.07460627116864005859
.07220528452415732799
.07246981970326782535
.07309834536987217746
.08026655572484581909
.07977013159374220204
.07804974516735929474
.08370052036137657528
.07649142749818168043
.08285021289956383246
.08110977821366598079
.07497181149397604046
.07654759804968848758
.07817499420554376775
.07856186694174959932
.07731633975992414031
.08076011265594150098
.07913531801360693418
.07806535424848357501
.07739740734933768953
.08132901384670516265
.08207200610822090340
.07685298252620933543
