.21453006165333333334
.21278397098666666667
.21274281301333333334
.21607564629333333334
.22284920832000000000
.21251816789333333334
.21748575573333333334
.21577190058666666667
.21601705984000000000
.21306023253333333334
.21418422272000000000
.21712293205333333334
.21083045205333333334
.22293284181333333334
.21920271701333333334
.21494568960000000000
.21724886357333333334
.22166646784000000000
.21765352106666666667
.22008602624000000000
.21468840618666666667
.21859875498666666667
.21497609557333333334
.21700868096000000000
.21796820992000000000
.21581063509333333334
.21023822506666666667
.21736094378666666667
.20918732800000000000
.20852018517333333334
.21140557824000000000
.21401328981333333334
.21959772160000000000
.21480103936000000000
.21692855637333333334
.21505394005333333334
.21208894805333333334
.21282164053333333334
.21161624234666666667
.21150010709333333334
.21666659669333333334
.20992862208000000000
.20709414229333333334
.21507479552000000000
.21529301674666666667
.21136760149333333334
.21932830720000000000
.20985875797333333334
.20886357333333333334
.20756170069333333334
.21857553066666666667
.21426909866666666667
.21524198741333333334
.21832159914666666667
.22354271573333333334
.21413340501333333334
.21071702698666666667
.21779512661333333334
