.08146017660052268621
.08098994708255556902
.08190229187149753326
.07673209405047019771
.08936508191176496093
.07840012469967060230
.08426870795504993796
.09108183753149660617
.08887368391706373829
.08110261322797282519
.08292935952076381372
.08589338200822227560
.07787551424517782928
.08922368276190458180
.08514023218202296439
.08524734694016989320
.08767084557728688854
.08564960028747994061
.08623713227429887308
.08965964531794559664
.08605384934544133019
.09132994183950123688
.08097802510800955986
.08534972951105184906
.09174703665073807786
.08256737769712124317
.07939772729342514521
.07737322263338412752
.08333709453619479663
.07913544385341294366
.08497950339799369030
.08642052849677417775
.08357792190798165128
.08268875002131880865
.07885272398773525126
.08614796148222667591
.08195106913139081782
.08517476930565296023
.08710554528423028748
.08445551170095177010
.08714234828021551898
.08391775918679863026
.08644399770543821479
.08044235545344450203
.07768105010773656582
.08447361253511263343
.08391592905912709377
.08092761816299924042
.08351998529483701027
.07740731529743675020
.08128630575683304529
.08308930396436242932
.08822147870429017571
.08155142153728929141
.08825198083214911727
.07852544487070248222
.08631122630031507914
