.07756508507898027719
.07626246069466329266
.07174269332626187039
.07483358313311523017
.08614012136592637812
.07370750839692052117
.08246014242611285791
.08277984727509743300
.07411526519937665626
.07835761289551879768
.07536564148926127580
.07634577815398868724
.07695005862821682374
.08153844604409040441
.08241114703758243863
.08491357415853823494
.07978396057469868017
.07425834811788557926
.07531076713598956205
.08363671843319999810
.07518515245287997713
.08190597771689247755
.07759597373798986534
.07613166577622838680
.08110794439443844153
.08007027097642327930
.07652898982568050343
.07144716692448175842
.07247910594246237933
.07625237730636726096
.07549515941945319557
.07428009305919303114
.07081585285009078423
.08057806655595258914
.07968515059763290713
.07547647443110535187
.07317546208783337164
.07272774519101888869
.07226980034120162088
.07233534838865527500
.07810514268223333004
.07332466491226151101
.07093185398020128516
.07811679218818585413
.07349950387802054101
.07493315207489145721
.07953761026733242891
.07954454937325657976
.07707063764070784085
.07784236018653280489
.07648016309597462948
.07495672816915111557
.07449803640168228986
.07583591048032924902
