.08352189856878900559
.07752266831197590013
.07500836250796672006
.08149977003341231057
.09022581229110161712
.07406204361748511162
.08155298945704833399
.07935709526461627129
.08616829561095117237
.07914799922591314796
.07843859107200779483
.08314471411958270181
.07669932467818680329
.08195302577618533764
.08228424929483072985
.08648134432016439478
.08484222988984960517
.08313646496603539623
.07744018630208430773
.08563706345831874174
.08615518841085753209
.08139867503734123190
.08350517164773927280
.07943601470704055159
.08634817669130604372
.08070919439985731442
.08579810293853900518
.07999907182734220618
.07971360920204699412
.07944364469779273608
.08009686144664548457
.07870185909249328171
.08186309476158936537
.08326249793437765967
.07856392867290322997
.07909275085342542006
.08355301864342993785
.07634479206170046794
.07613079034854369291
.07683486417682954129
.08370110333285997544
.08119738044985663429
.08348236740571588994
.08105002923019927860
.07712512769518230763
.07604508869211747085
.07811385447433897895
.07722997577034996644
.07684619009318952551
