.08334242417782210647
.07694101005136949664
.07526094787174862201
.08294305442349375110
.08309006181468677762
.07919176206234459216
.07902903383297966974
.08294814516637571739
.08049899071633793569
.08189850615173366810
.08337781556847087211
.07938140686326933633
.07528970764331743156
.08491595134739968658
.07862991764055731269
.08008328572383468849
.08968594817065909966
.07718079184301490880
.08231578127757790490
.08482410342314229479
.08654105886008592511
.07617998300003953616
.07730324273885009793
.08249568344988371359
.08143625304471772914
.07916084701457479688
.08110589113834491679
.07834738141060818365
.07705282109953375622
.07256719395385146005
.08076229525095519209
.07462289834482784717
.07740639367268641487
.08042806164932540538
.08093124549939807330
.07590554124632035351
.07585020623652671994
.07547863076804818051
.07710972624266837940
.07913400846206297460
.08163233441710243069
.08050142881158791954
.07830784525803444545
.08122792268179710870
.07941855368249809034
