.25345509792160962035
.25586194004128234890
.25372900979596113984
.25929518775326161394
.27372025956963275778
.25599704302606812092
.26038198659030708382
.26278967391633314012
.26406980395432132976
.25907853535855438194
.25933896294077665739
.25484831656967306112
.25958732357690834608
.26167834459027916601
.26300304300943706052
.26066706819169719601
.25970168649810092210
.25881903100173343372
.26168803845699310181
.26068654694734773369
.25996009858824987757
.26311223716869967077
.25945560791912321830
.25836536974237843786
.26369435028899848268
.25503932020235046296
.25508279631684817506
.25440857520879863975
.25499943296406072709
.25552164696025793566
.25747546497613433081
.25897735115488638532
.25346643668991887859
.25879950673497156300
.26475051364652948877
.25588234852392154709
.25755815866542644988
.25711350860611539435
.25486406991578162347
.25609972259482277431
.25937882417271706010
.26499434267628987413
.25690617948764410062
.25544277620431779127
.25506697795486627981
.25525875527643634319
.25589544272081079372
.26131679782026222684
.26588242699808065991
.26054797861651331796
.26212680457976752964
.26381210053719170294
.25613482466483520853
.25808412407751496694
.26172881641274749845
.25960138651031025296
.25524258582873845027
