.12770319710600767548
.13583516468597386531
.13287080754941658326
.12746781860287479773
.13949324272822407575
.13141280282854569144
.13882822361178236898
.14221085682340318575
.14534128814270624941
.15486658832681847153
.13978769299895962345
.13712075759497266788
.13475984552360408264
.13732662255612251726
.14075787156437851172
.13987339621398376940
.13997482062182299810
.14273386389541532707
.13607778938551085272
.14113905277378030932
.13858145078131312146
.14099811313662946102
.13715333196606370146
.13620156305892945767
.13912835615164056382
.13182381036538680990
.13041187447386414252
.13645806947490761714
.13301361645203241772
.13187825737660001212
.13647881757684168654
.14460452944768202630
.13317543079475440619
.13166096829902271749
.13563384256121302609
.13945143373889964445
.13674332236377361146
.13691379788472579474
.13211144638153884234
.13500147228859004159
.13836606075829188846
.13335771769031801590
.13486634152419891121
.13593691677381492424
.13190138860582011964
.13693482898302508116
.13635146921249402441
.13445189334733857521
.13416457756391560414
.13442647580537842487
.13174363302675716484
.14241240981361985991
.14083806379755369453
.13767724015808087594
.13993983333435485092
.14269928620794946770
.13253700588937033108
.12986983217265477170
.13763306293601594426
.13605357085446649030
.12937939947173366396
.14156179721250516553
.13480510260022050035
.13532036450855301777
.14266476809866575928
.13144402924326555971
.13230117310259855232
.13646687959859318933
.14034083918386737814
.14164487154024190068
.14067029163661661075
.14041926641339633895
.13793149749768283694
.13359397497163762021
.13837481130379530969
.13734271611257604346
.13769465188181449197
