.17037026747799851561
.17130154697440839317
.16942621133595164984
.17348635337833337871
.18109799330779709675
.16908550318095360572
.17382653695789188394
.17271929473835887336
.17310621583379081582
.17153607531167182653
.17223271868134439286
.17293442097032429312
.17230628859024849038
.17832130771684389317
.17956389039977793644
.18198358443921261486
.17535131248343814734
.17920682698861015937
.17577036921401554049
.17617831644281858954
.17239997201497819534
.17592478841429295323
.16768379449071615011
.18191248650224278277
.17609534010582741802
.16729649253914317257
.16765175945907965209
.17007482371606424472
.16826751042158935206
.16901725807205907416
.17480117656666035931
.17385692640356051340
.17509140331805894211
.17275951458404516305
.17161096743812215905
.17476853072800522012
.16904801400193888832
.16910008350378681669
.17088675870699656302
.16713352204060478346
.17641620781166701193
.17290584238781681159
.16900842652116601537
.16665145158359839724
.16778538966282848950
.17089873052456192993
.17572135374726081796
.16752542300972988275
.16475685755914214411
.16856496625370267622
.17068215272768162175
.17156066568364582748
.16851486570624424998
.16732476212515887091
.17191119705269660664
.17173399834360634089
.17050479592736300181
.16714878503010588750
.17259061566444349201
.18246285236989817689
.17055943800465414828
.16978758632607454105
.17044770343603236548
.17371187770154554872
