.08284329511861686786
.08815076344862577513
.07901349493868520873
.07918792832012807020
.09323444561258081750
.07950355323183316771
.09219559559848013663
.08583373654839458565
.09052329516487757402
.08121510298331920856
.08445256534007506025
.09105269915238018000
.08745570436992926241
.08812176216217657523
.08971815809336114052
.08616853234648966935
.08455936653287524312
.08609004174209531026
.09169614059939322338
.09027258783787723498
.09006779586801621355
.09373867927836318185
.09145019587634314066
.09009265296620515670
.08537460707111920181
.08455888465051939931
.08501525936699387604
.08504453372011138743
.08832613650066253202
.08292776909559628758
.08732982063583766470
.08519606162690647318
.08499585557079856533
.09944775639510491696
.08274969750236680535
.08597740977278941730
.08263023083498052770
.09182734110214429778
.09791805298196913483
.08690682430387796915
.08671815933019252052
.08881516677811802421
.08980005399973679586
.08742968272271369672
.08632961758667565731
.08658960918039858707
.08740933925592449058
.09043389795649595005
.08808472147175738111
.08448156662652426016
.08928767652214067113
.09237222154464208743
.08347028831455044256
.08420589779349121181
.08846348903482321239
.08565227571592900196
.08291813144847941140
.09699895876466823790
.09130623352253480271
.09434920012909949568
.08761993790817342991
.08488245258972332227
.08420470915034679708
.09257274082428129375
.08742249464423902657
.09019401691975690192
.08531953594921885184
.08622663129585923793
