.15728789942857142858
.15409564525714285715
.15810511725714285715
.15596192914285714286
.16516106240000000000
.15162443337142857143
.15869573851428571429
.15730305462857142858
.15842275474285714286
.15965159131428571429
.15984525165714285715
.15419869622857142858
.15701847771428571429
.15770794422857142858
.15970297417142857143
.15948758308571428572
.16020610194285714286
.16479283931428571429
.15802322651428571429
.15873900251428571429
.15391757897142857143
.16106833920000000000
.15406047817142857143
.16133426468571428572
.15643673600000000000
.15725969554285714286
.15256408502857142858
.15591493485714285715
.16096978651428571429
.15964029805714285715
.15527354514285714286
.16096757760000000000
.16177457005714285715
.14832797988571428572
.15217343634285714286
.16700286537142857143
.15394024594285714286
.16107614354285714286
.15263801782857142858
.15409887085714285715
.15702698422857142858
.15251085897142857143
.14934888594285714286
.15885020160000000000
.14929361188571428572
.15322237805714285715
.16173643337142857143
.16062525440000000000
.15802011062857142858
.15597629440000000000
.15396055040000000000
.15907988480000000000
.15447412297142857143
.15758370377142857143
.15841489920000000000
.15551588937142857143
.15215931245714285715
.15772738560000000000
