.08316814131991262613
.07512654442177946705
.07513612506570583432
.07867545869405773099
.08114549655388533774
.08201874377557852104
.07979948101881626479
.07859898337679355849
.08135868835929584605
.08755134086256725133
.07700584916793655988
.07854263840104307738
.07842149670317954299
.08444330604504864730
.09051204955288863108
.08086840714831524127
.08195730377542507090
.08334300055937373799
.08197353792180708008
.08397907939023067634
.08169585909184526759
.08428730838612244827
.08168135325766269692
.08074020234799504197
.08022937120525579541
.07967401354533217042
.08194614467295817597
.07478336955262968396
.08210887575629143604
.07531515023688466791
.07836813881036335157
.07623311379039685006
.07557715437412440508
.07718863067083209222
.08322570510542224885
.07949433900829805645
.07974154759428132863
.08916465536415757828
.07902869373884239607
.07962824823790079560
.07840952839095452945
.08443621297186020021
.07636756249317166828
.07992577768254633256
.07879633065533522584
.08064575458190549438
.08284953246058029571
