.08462380271461909592
.08071725908261789321
.08021201748054842361
.08020212973650792341
.09256523404314719865
.08512369494066665448
.08064118817030630675
.08279273505911904281
.08534160214155920238
.08899550449252558641
.08463305148265697888
.08655535344253072771
.08575388092724789628
.08608464112060269003
.08430848444132755228
.08907472932485009132
.08770004618321938917
.08579846998343053306
.08949020299055187145
.08837290429797541601
.08729300208555213655
.09679902350048880026
.08555486447843272491
.08793498455218169673
.09284930802831076569
.08095309857158389175
.08106829447605573418
.08229304763307232311
.07813537824004250928
.08390254626366482950
.08444094908187012744
.08534383036556832918
.08486006818758683930
.08530429577340639549
.08562146543870552244
.08569904367902328291
.08233816916925714092
.09592845146492293721
.08467678857083612599
.09130858942999998231
.08411447330453288266
.08444283324187784496
.08101148295582303419
.08340327662961982108
.07993099911139737237
.08274695816293154064
.08444507784988703888
.08299687150795518570
.08562068719870233477
.08464882108272157116
.08073618260269540395
.08478898620329568749
.08574253500720142339
.08172829115075908056
.08085409005917835289
.08447174280999625855
