.27080677760000000000
.26706846720000000000
.26719870720000000000
.27076045440000000000
.27856062720000000000
.27033462400000000000
.27331795200000000000
.26778676480000000000
.27926620800000000000
.26625258240000000000
.26949154560000000000
.27370848640000000000
.27128904320000000000
.27132768640000000000
.27058364800000000000
.27198977920000000000
.27516816640000000000
.26710828160000000000
.27535622400000000000
.27403250560000000000
.27128220160000000000
.27225610880000000000
.26872556160000000000
.27625813760000000000
.27105340160000000000
.26909961600000000000
.26369815680000000000
.26811167360000000000
.26600492800000000000
.26800005760000000000
.26647635200000000000
.26660976640000000000
.27469877120000000000
.26883888000000000000
.27271384320000000000
.26836403840000000000
.26790375680000000000
.26861164800000000000
.26419205760000000000
.26760767360000000000
.27387598720000000000
.27209505920000000000
.27144476160000000000
.26728798080000000000
.26666398080000000000
.27274493440000000000
.26833841920000000000
.27605021440000000000
.26880407040000000000
