.08591296853333333334
.08304006826666666667
.07820538026666666667
.07695121066666666667
.09175821653333333334
.08623546880000000000
.08799207253333333334
.08586874026666666667
.08747151360000000000
.08527870293333333334
.08351364266666666667
.08450670933333333334
.08065898666666666667
.08516655786666666667
.08212280320000000000
.08913557333333333334
.08579180373333333334
.08667808426666666667
.09260842666666666667
.10012595200000000000
.09245963946666666667
.08531975680000000000
.09951631360000000000
.08724804266666666667
.09279474346666666667
.08360171520000000000
.08272956586666666667
.08155288746666666667
.07918566400000000000
.07945045333333333334
.08425315840000000000
.08403211946666666667
.07988535466666666667
.08514548906666666667
.08315421866666666667
.08450042880000000000
.07851550720000000000
.09456557226666666667
.08389881173333333334
.08427165866666666667
.08791872000000000000
.08741090133333333334
.08920865280000000000
.08486102186666666667
.08671305386666666667
.08285028693333333334
.08168657920000000000
.08510483626666666667
.08037944320000000000
.08072227840000000000
.08254218240000000000
.09354260480000000000
.08591393280000000000
.08030555306666666667
.08020748800000000000
.08121623040000000000
.08885438293333333334
.09267591680000000000
.08765977600000000000
.07787938986666666667
.08443387733333333334
.08328798720000000000
.08022710613333333334
.08588006400000000000
.08245449386666666667
.07841687893333333334
.08883324586666666667
.08213231786666666667
.08427190613333333334
.08711247360000000000
.08502166186666666667
.08748088320000000000
.08879541760000000000
.08696737280000000000
.08366140586666666667
.08644666880000000000
.08836550826666666667
.08837711360000000000
.08394759680000000000
.08972826453333333334
