.24074269147909843896
.23890191604075987751
.23782374313397262249
.24640991049136693014
.24800847359342153858
.24026412012267890002
.24955875014047793595
.24274168482763704924
.24573216783106367697
.23981195475344336022
.23916084269967968686
.24118214603538876626
.23972218628863070568
.24451727440769577095
.24504244106749503114
.24718437160360256943
.24641014171717414555
.24732267106212391990
.24329787538431298192
.24410343967084491040
.24528317355861280557
.24738861005589011838
.24406594145136620661
.24670987642784165633
.24476314011173372734
.24789096463819467029
.23828466865807580873
.24046841142657952678
.23568541311400600978
.23641539298738504007
.23492315411793970909
.24138381457799040687
.24717555199067021045
.25007637223251033925
.24046629075560477979
.23966472337231186043
.24355647832710268970
.23960360708823901181
.24168630417898959833
.24151993390747229782
.24672116024723376805
.24113227393199822099
.24170497401130933351
.24210779579328510611
.24121006489999711761
.23950018308789737898
.24015713524490614998
.24183333076012042161
.23676308393046902563
.24394533407032265190
.24145748972662086930
.24504375575137034158
