.07562179697777777778
.07750502400000000000
.07514917546666666667
.07964480853333333334
.07261652764444444445
.07432806400000000000
.08190730240000000000
.08127940835555555556
.07499180942222222223
.08064502897777777778
.07689291093333333334
.07644724337777777778
.07682255075555555556
.08010415217777777778
.08709852728888888889
.08254330880000000000
.08240472746666666667
.07784017920000000000
.08108052480000000000
.08630068337777777778
.07839171697777777778
.08035807004444444445
.07599049386666666667
.07713538275555555556
.08622912853333333334
.07459376924444444445
.08616260266666666667
.07567245084444444445
.07440888035555555556
.07945663146666666667
.07697500160000000000
.07736835413333333334
.07726307555555555556
.07567678577777777778
.08625420515555555556
.07471487431111111112
.07670359608888888889
.07514880000000000000
.07299414471111111112
.08063187626666666667
.07975623111111111112
.08757918151111111112
.07729299911111111112
.08295168000000000000
.07211147946666666667
.07210175146666666667
.07719747128888888889
.07830492728888888889
.07896838826666666667
.07892004408888888889
.08316880213333333334
.07842355200000000000
.07822962915555555556
.07401798542222222223
.08276312746666666667
.07300873102222222223
.07498728106666666667
.09995838577777777778
.08544622364444444445
.08086218524444444445
.08583145244444444445
.08245894257777777778
.07637666702222222223
.08051872426666666667
.08099568071111111112
.07174471680000000000
.07356411448888888889
.08199177102222222223
.07596691911111111112
.07647427697777777778
.08430686435555555556
.07870264888888888889
.07633189546666666667
.07402192213333333334
.08084266097777777778
.07604919182222222223
.07532074097777777778
.08163441777777777778
.07992287004444444445
.07926191217777777778
.08168748373333333334
