.11952207689774298794
.12086580004357992313
.11325694146657447431
.11661216470892909875
.14179258270072446180
.11973217135779904990
.11749183380856162156
.12841081411663953206
.12663905896917924587
.12489752319961134725
.11959980987581557524
.12257829213896359686
.11687742622104623871
.12015224650013296451
.12149040212002285842
.12743282584626375433
.12576124823992414148
.12122639216346602065
.12158471631297314632
.12451068633888497338
.12093725248829535759
.12489914642924713313
.12307333166676700603
.12627479561964959524
.12501382684449688404
.11261592504932854538
.12480202571776768273
.11594524488417752134
.11564435575711044554
.11505679972525245526
.11832693994506217224
.11869562545757155730
.12708158625974646049
.11902173532547502583
.11574081655747628206
.11654412559755994301
.11677779481326096996
.12531055170488149980
.11734993016357899440
.12477661534730094117
.12138214635664932545
.12011570866295735434
.11990993017328803148
.11857285923488373281
.11868170664270395409
.12184712579544984006
.12029631192290156819
.12195115661065920137
.11781759475794524827
.11972340288369172057
.13007330467109282957
.12896657305208063262
.12161065764640486456
.12293680591810107134
.12167749829851021577
.12358681836501074817
.11816787861112558407
.12428344177506016437
.11632231202634832413
.12065950576131605148
.12157214007588841274
.11816322889258943106
.11946331446789049636
.11774413982433333030
.11543966953411193187
.12164762783913767003
.11619939409995622059
.11878933283570472898
.11951248922363255173
.12139853035671146328
.11673151001308543057
.12773945695853779232
.11671992743526372480
.13376718367769480032
.12517828883030580653
.12089668691777113854
.12184487299544129611
.12267319039117535912
.12640325831643309821
.12110549189634082853
.12210579578161605512
.12070722416149702794
