.07653693440000000000
.07351138560000000000
.06828783360000000000
.07593529600000000000
.09534850560000000000
.07634677760000000000
.08029826560000000000
.08482728960000000000
.07901317120000000000
.07873477120000000000
.07138076160000000000
.07387895040000000000
.07401706240000000000
.07720938240000000000
.07482526720000000000
.07769952000000000000
.07496541440000000000
.07519461120000000000
.07477249280000000000
.07833027840000000000
.08099939840000000000
.07900432640000000000
.07262004480000000000
.07347968000000000000
.07929240320000000000
.07498088960000000000
.07942058240000000000
.06991767040000000000
.07609025280000000000
.06928494080000000000
.07582036480000000000
.07079787520000000000
.07135208960000000000
.07470231040000000000
.07454117120000000000
.07269579520000000000
.07478152960000000000
.07826790400000000000
.07157694720000000000
.07489707520000000000
.07864288000000000000
.07515083520000000000
.07276006400000000000
.07332183040000000000
.06634223360000000000
.07275645440000000000
.08295312640000000000
.10123114240000000000
.07311362560000000000
.07744843520000000000
.08307868160000000000
.07929096960000000000
.07642695680000000000
.07104039680000000000
.07334567680000000000
.07278351360000000000
.07385396480000000000
.07404071680000000000
.07560720640000000000
.07562611200000000000
.07681445120000000000
.08198476800000000000
.07257575680000000000
.07520693760000000000
.07057872640000000000
.07366415360000000000
.07552755200000000000
.08071330560000000000
.06906941440000000000
.07359202560000000000
.07365806080000000000
.07760540160000000000
.08009582080000000000
.07649198080000000000
.07712985600000000000
.07335750400000000000
.07742808320000000000
.07685969920000000000
.07174456320000000000
.07934115840000000000
.07251375360000000000
.07456055040000000000
.07276307200000000000
.07409875200000000000
.07174003200000000000
.07615216640000000000
.07661719040000000000
.07900684800000000000
.07264833280000000000
.07730173440000000000
