.08188664964411539831
.08355505967457862469
.07535455818036237240
.07821298364464465612
.08728424012750902643
.07450596710287580070
.08396820954218543683
.08521722558058319777
.08709806327375203732
.07656883103645885107
.08125466414934394687
.08485341885975533537
.07880222510376328557
.08628614504968225007
.08616173587606581675
.08119798461143719165
.08891608653122238358
.08393436747988620511
.08231044911174644421
.08953198839929056916
.08633703557424249873
.08274436114828939071
.08575729683514549325
.08330694219845846403
.08927959287871622913
.07994318866191516709
.07689903235276579807
.08199198055991064021
.07834579416939131829
.08376368260838669110
.07554219138967823108
.08332190625182584890
.08160424409680610213
.07513531295319680104
.07824583356471940794
.07782434606153806749
.08125909693157625613
.08401157252895077838
.08384399151523610514
.08228579119169033374
.08122652007816879236
.07723494986464130814
.08094386877085893694
.07562978207432199299
.07837809795613149402
.08012851900900356326
.07748500611409921392
.08662204435711327428
.08119687414032355360
.08160193213235639668
.07920353298023203950
.08098374560650523445
.08049656736539663330
.08346699567437823016
.08498402664671920731
.07863648273894168517
