.08462093601357518057
.08479552592414411949
.08177867981171707782
.07818319428583589990
.14124406520945698526
.08967066036698521677
.08548334463578560186
.08987423992659432997
.08699176769199912269
.09433136502978636284
.08061323406234275854
.08554451714203588889
.09051864103814507842
.08542268203974046206
.08659051851565038972
.09034473658063879645
.08901034336968692166
.08509113173700677327
.08963699793426180793
.09355727118327070550
.09052783614020511063
.09027025625395253552
.08564787008919065097
.08502596354095221769
.08890152351639828588
.08434423867422142940
.08499411505108974248
.08877114532837072004
.09008136378008840105
.08038340666594409883
.08576782437515561666
.08585852987738598897
.08412371504927078411
.08560592370542952220
.08142669130485904469
.08732846725188642953
.08551036151747471469
.09054375202595265730
.08632029954365711579
.08520905474133484093
.08977152227740007921
.08475551887099928842
.09156047953828149194
.08306367860623919775
.08494097572036644722
.08453483642155851530
.08323074525148629212
.08525257265162986612
.08309362120222013901
.08222413235142349292
.08400534900820709671
.08354950600317284520
.08365315988094048106
.07858802119280435450
.09084281854086335957
.07966901410934912337
.08710641389632034251
.10068623381041368046
.08566427916677596300
.08288996640995780736
.08783479136723025788
.08546815599901916683
.07773588600735009648
.08525762159857919290
.09545467213417466177
.08257002701337083197
.08499339616129232178
.08028731784941676220
.07989689381594779443
.08706498578194805192
.08414429535951787439
.08071294240540827148
.08463742868299740199
.08160626328890778288
.08445136161322080468
.08857410265040792065
.08045645757221920930
.08965565563225998239
.08199397894686088662
.08639592507850903527
.08914340485567927872
.08968123473435425382
.08717659760258946112
.08259522159301532023
.08737844681117455008
.08099394472436285592
.08864310771177661694
.08997179160026758082
.10403987979293232023
.08941699257870000082
.08329255305569709047
.09047878445030668424
.08759994010143334422
.08452391096847445885
.08342724458250918052
.08977428916720177982
.08740587329286451889
.08680066003445688955
.08787713899180855169
.08367445072180130111
.08122713251260527285
.08083955896077491506
.08660218793608293969
.08402992500825845553
.08511612569624267901
.08379208115470018593
.08862789399745910909
.08346775318667546789
.08953917876671044706
.09088462281850174238
.08473416951585263181
.08487552331206639974
.08225394120046537917
.09384685002469219271
.08506122257776059576
.08178268386070503730
.08414469660033503943
.08202364568978002692
.08963040253832965755
.08441820909070254308
.09410238191094048792
.08484869869160217850
.09232738448682294228
.08490231449579585724
.08470714427497982804
.09011973243322980819
.08528295828434642711
.08384318084460289222
.08863594389135348275
.08967592665271050795
.09152614001167911709
.08868652531186735086
.08916006470877531891
.08382269248537640226
.08593122133876238909
.08911715701888973222
.08722180406799005585
.08157179837455004396
.08509412432476812921
.08687160442644188354
.08857537324632894328
.08791928599597826298
.08319407351263414547
.08402547792253487632
