.23115935849951997231
.22874183886267482459
.22676343057082910313
.22976640961849312041
.23847293438064964723
.22793073685475585991
.23108895430268047411
.23277614370879142813
.23160592993633520042
.23249917353127730115
.23081186997434648337
.23237086129499633110
.22808440400255480279
.23479891638103949242
.23141053730649900034
.23767040711372868342
.23803448108155296497
.23414297219633180907
.23551850300519827390
.23534867344425744526
.23458064658395177394
.23350855551329960795
.23160573520846602108
.23178690598909801924
.23477044582361465004
.22850736636392056256
.22472508638380080075
.22944056274581497747
.22553841097533005384
.22275495738377225633
.22687697034806888138
.22656160520655587497
.22895438097450702643
.22950928153937295787
.22611004470743718981
.22884081433825080965
.23088699464332505331
.22781570640210374321
.22589799948740910078
.22691721186944790977
.23130023404074006502
.22745900523429183830
.23471661363991772520
.23009756786167198278
.23135759818509865663
.23137768872939467748
.23471167829564714521
.23134040169982388745
.22827525074385878158
.23083792322029185800
