.07946799811325827294
.07749162845864068953
.07131955222130673175
.07546542413720180096
.07466774675290840205
.07351338224023546490
.07687845725673800070
.08002838056348200515
.07950623985883148369
.07914381833043415143
.07372003164693731033
.07641198491589658350
.06881916763172978078
.08280445077815684121
.08002836815136075451
.08663527823246825731
.07299647945075271200
.07648282089187396544
.07651208867378296607
.08469654212948260346
.07598471005396467605
.07823697633974140537
.08263260495944178024
.07542822500981364367
.08342362944674483805
.08850835421403804460
.07672774928051277353
.07084962931075763762
.08411734290344290647
.07565161836808259761
.07596322467207982444
.07045309927316355654
.09454692567520015725
.07181834572588480614
.08132251797355835881
.07239783043071326777
.07349440410684324184
.07525152605168958387
.07528479053664128943
.08883677894232988375
.08025126502477968299
.07473099892280164515
.07760878647112544651
.08011314293950260113
.07016950712682901606
.07961222696219066791
.07690689342652320870
.07790021066596913856
.07834549551583571942
.07000579124753312194
.07067911158901639475
.07841881391606322864
.07791575064177493533
.07205293481752183411
.08540593209532022566
.07496650651141122021
.07874377566252614024
.10094284210716809188
.07780394225354920263
.07467616217111633353
.07708223946343094913
.08348771322876187378
.07787297847194524229
.08273886512946847847
.07720506981532724695
.07433932202461656289
.07315209021487194055
.07122188123918547391
.07608908358156127754
.07690989715986586271
.08086329431152731326
.07679368246859615409
.08010617973948099411
.08129537266438321700
.07898269658447964032
.07611811553316651608
.07593389482956457063
.07415932144223983381
.07753934065272813585
.07491778893550247234
.07947794022238003270
.07874056092312222541
.07843283961307644777
.08468122557185931814
.07663620988628933008
.07994670880565281763
.07429661191539312304
.08590801481202971869
.08040624277071512909
.08001817779981398203
.07748123951315390686
.07753731747696428212
.07748709803438420724
.07652814995868128957
.07605195892690062407
.07576413424721961658
.07579669124126003586
