.08223637876363636364
.07849798749090909091
.07723734109090909091
.07612886109090909091
.10162949585454545455
.07912127767272727273
.07728183854545454546
.08854013207272727273
.09872375621818181819
.07798001105454545455
.07760624174545454546
.07945330501818181819
.07562175767272727273
.08203245381818181819
.08714993105454545455
.08438027170909090910
.08638017163636363637
.08327698618181818182
.08130816930909090910
.08834378472727272728
.09033501789090909091
.08389264290909090910
.08070820770909090910
.08291827898181818182
.08520349323636363637
.08018510196363636364
.07682813207272727273
.07721045643636363637
.07631623447272727273
.07685807941818181819
.08002642850909090910
.08019348014545454546
.08063910632727272728
.09071753774545454546
.07756440669090909091
.08489255098181818182
.07711137978181818182
.08127140770909090910
.07832213876363636364
.07771561425454545455
.08380834909090909091
.07969953047272727273
.08324807214545454546
.08086466560000000000
.08158423970909090910
.08096328610909090910
.07864362821818181819
.08511979520000000000
.07801361687272727273
.07831732596363636364
.07448187810909090910
.08610554414545454546
.08550130036363636364
.07880044916363636364
.08497157585454545455
.07800741701818181819
.08475121105454545455
.10490489949090909091
.08918236625454545455
.08699186269090909091
.08555546996363636364
.08033320960000000000
.07587314967272727273
.08148756480000000000
.08236552378181818182
.08447361396363636364
.08348931723636363637
.07727967883636363637
.08513199941818181819
.07556822109090909091
.08399420509090909091
.10822707200000000000
.07427944261818181819
.08018652625454545455
.08086440494545454546
.08584780334545454546
.08305858560000000000
.08803834414545454546
.08040931141818181819
.08763647069090909091
.08451610065454545455
.08340774167272727273
.08213113018181818182
.07868478370909090910
.07829818647272727273
.08407079098181818182
.08100537250909090910
.08110417920000000000
.07837760232727272728
.08405750690909090910
.08019787403636363637
.08322340305454545455
.08035956363636363637
.08216648610909090910
.07864978152727272728
.08280942778181818182
.08294285498181818182
.08772044800000000000
.08319575505454545455
.07953893934545454546
.07890301672727272728
.08423647418181818182
.08214828683636363637
.08917811200000000000
.08336677236363636364
.08326470749090909091
.07961619549090909091
.07959246661818181819
.08469324334545454546
.08279883403636363637
.07943798225454545455
.08160904843636363637
.08168924625454545455
.08252680378181818182
