.18350819463418065968
.18341365471660545666
.18978577369082976642
.18531383855779782995
.20117811271036685316
.18471345676257441285
.18620076380230890391
.18750038929655309876
.20193480634062497136
.18927135139935815115
.18773065511805583049
.19301849932983083902
.18771405219385927396
.18889797981183286665
.19109744001270268474
.18896318389482172521
.18712501208143452542
.19347420757971582263
.19286568321894641247
.19351870567642467108
.18681138559756847880
.19008202042291030660
.18923139421301016440
.19401593889197352216
.19125219819255948604
.18514429946754400916
.19216801436131050589
.18699932137754243135
.18428514227830339895
.18597220700150186197
.18758169489684019164
.18438319204416685743
.18919365451632518009
.18658515927952828656
.18771487139386216658
.18837691917551022496
.18658566068642660877
.18254061349972961457
.18997593402253571186
.18628501428536501596
.18611156280889048385
.18298582045302579360
.18170385719332672334
.18722489798523550186
.18606260148457966870
.18783439691152559462
.19459002860434548032
.18641083210649893820
.18626964016117279837
.18831738593392070068
.18762210405560356743
.18763982278670061564
.18696552937742311063
.18771331067661527633
.19428457999637037903
.18695067784633618661
.18612969820205796883
.19018672265776277242
.19411838832681803327
.18778899486998596810
