.07684811285148051970
.07823084894442350759
.07549858586649142509
.07506360116562918662
.08179051453143707857
.07427145576451772336
.07717781984894939123
.07770894502236379259
.08269503736933116616
.07772946703278185315
.08585707587628958229
.07822051442126518027
.07424533588738890217
.08582614582476389737
.08179002091092036985
.08548826783235886867
.08330327236899398133
.07952638224693601606
.07894456119619921025
.09412156463882422198
.08775275720404223111
.07954511882144257698
.08018192079568938638
.07883037731837671570
.08173729803871020404
.07800002358875916017
.07729748606527660819
.07799784955797280473
.07707397049428522400
.07694614378558603516
.07666384536284957168
.07891568964725384256
.08289590941193906081
.07291895655386419112
.08412948808832253182
.08146604831349666775
.07773784807900171616
.08462440042042604639
.08298633648957442487
.08535157695948729339
.07875353005623293419
.08119134324466617038
.08047599259287756217
.08894573296728536328
.07892978408839050441
.07181148216565352106
.08523152214828522062
.07686588319008203375
.07685496052332933008
.07930664759905133699
.08006974290762628260
.07400215951624265137
.07953519389828747604
.08574422582411861983
.07507207673492671726
.07591972818775744870
.07849885337730378866
.10111502258109063941
.07971206758173197849
.08252162953206781006
.08517858922479134898
.07964841154020492373
.07288672418437952999
.07647266718698470154
.07690738932374230770
.08051903210090888876
.07801258465552476939
.07970686881246025896
.08067212797903789014
.07530867850089297527
.07775205804834441622
.07908143061266193550
.08332731273841411470
.08280367589326382653
.07925182421400411279
.08053972215235391398
.08302897690016671036
.08875447077090701080
.07479117515322689762
.08246220602390742797
.08113415678267725548
.08535316284667927248
.07801402350681815440
.08078817081072118137
