.07951413248000000000
.07650916352000000000
.07296286720000000000
.07878310912000000000
.08168440832000000000
.08281392128000000000
.07866646528000000000
.08756420608000000000
.07784887296000000000
.08170328064000000000
.07964318720000000000
.08364794880000000000
.07366518784000000000
.08137518080000000000
.08398799872000000000
.08479143936000000000
.08039208960000000000
.08004374528000000000
.08137716736000000000
.08684422144000000000
.08088596480000000000
.07872142336000000000
.09369275392000000000
.08059194368000000000
.08071462912000000000
.08351017984000000000
.08010042368000000000
.08323006464000000000
.07913832448000000000
.08219117568000000000
.08280945664000000000
.08108701696000000000
.08619639808000000000
.07429774336000000000
.08820756480000000000
.08175096832000000000
.07525653504000000000
.08320811008000000000
.07701912576000000000
.08133404672000000000
.08350836736000000000
.08818940928000000000
.07685562368000000000
.08118140928000000000
.07687500800000000000
.08086491136000000000
.08164937728000000000
.07969855488000000000
.07785924608000000000
.08070750208000000000
.07896312832000000000
.08835691520000000000
.08427568128000000000
.07633360896000000000
.08224705536000000000
.08247076864000000000
.08372240384000000000
.09247678464000000000
.08454880256000000000
.08287209472000000000
.08147545088000000000
.08296733696000000000
