.08435572997042246048
.07580079198747374208
.07665825725525292332
.07703865708888202558
.07380580283987969531
.07916511705823726247
.07822857743213717522
.07593610011451877115
.08461105089811429537
.07895582223605664195
.07533672596392003888
.08396658841043045544
.07231955845292225188
.08360223842951943238
.08459173502432598245
.08103185828935064679
.07543944933289471641
.07784207671426466609
.08525601999632718146
.08278892373039925211
.08180561425141552102
.07808154181029209902
.08241651109681319665
.08110292388973365297
.07995476118880881820
.07856787713922897996
.08215654444278053427
.07547265926991580575
.07764586753425983345
.07343910304842969222
.08041480666497243172
.07441624696948545736
.08010332742118845937
.08043615975982435576
.08228416718031045891
.07182804922922064427
.07816089642124609440
.07519399114209814174
.07709915932078704813
.08141047959665437425
.07929271823787233409
.07889636556205199124
.08645803431859487970
.07872845111904175761
.07490838137213780277
.07484416040337063292
.07780212993510200555
.07596496613572697539
.07732165835356514818
.08114204068994447193
