.08435078695384615385
.08502621735384615385
.08650386510769230770
.08150164086153846154
.09785432221538461539
.08822581563076923077
.08937827249230769231
.08864808960000000000
.08866359138461538462
.08482513526153846154
.08159810166153846154
.08425810707692307693
.08856586240000000000
.08501773390769230770
.08696446818461538462
.08889674043076923077
.08887120344615384616
.08854123913846153847
.08669315544615384616
.08977060627692307693
.08877574301538461539
.09295032320000000000
.08400053169230769231
.08478182793846153847
.09454346240000000000
.08247606350769230770
.08667625944615384616
.08820212972307692308
.08873965095384615385
.08147660012307692308
.09208784738461538462
.08645331889230769231
.09226136024615384616
.08925812578461538462
.08289674633846153847
.08774548873846153847
.08675758080000000000
.09282908947692307693
.09215840886153846154
.08453664295384615385
.09634082658461538462
.08972506190769230770
.08971251396923076924
.08360844996923076924
.08748929969230769231
.08451862055384615385
.08672535630769230770
.08929584049230769231
.08172217107692307693
.08687077218461538462
.08489084455384615385
.09083140726153846154
.08143845218461538462
.08545071261538461539
