.08633401026263489787
.08287199090809095083
.07667096743700465503
.07505755302982145349
.08773737110366551309
.08262961455918576222
.08613948587916014583
.09125680569324769144
.08681968010827544536
.07845922761887934384
.08396241734772832767
.07907274609117605217
.08506019877870279805
.08660399008992385154
.08787624331297944849
.08838144039348954332
.09397640723579061309
.08588311189541002862
.08164544370263014936
.08718431315337711596
.08633284379306448715
.08263084335919123305
.08503563168294124715
.08396315640860118332
.08781209639095472481
.08301031995218507666
.08535086340608384404
.08151134422377224559
.07473369299359696359
.07740817620550422798
.08430275042750441930
.08149868224110717659
.08002549350411350152
.07899923179519657982
.07613340305200262925
.08127439062271728695
.08143101810167548929
.09122472332788746386
.07994124946895582373
.08559541241586827093
.08466936023783228211
.08362922555494055204
.08602829728736076706
.08644020351528160174
.07814565210443977285
.08230411612295397787
.07719598559586386631
.07919632063085666229
.07795404834706498047
.09130600221520585335
.08769324115564295193
.08662815649003144455
.09676775110908772668
.08220610596599588048
.07552059692753517937
.07903507179535614574
.08412481484410352348
.09569575666953241231
.09105355504886452335
.07720823797852711170
.08332238172748747344
.08177155598145249272
.07628580987007247525
.08650102911555240789
.08424149741853605808
.08521067335328578050
.08937384777182095704
.08487445408222365644
.08277414993374230232
.08261667654173685556
.08573394625996330857
.08113666707427803081
.08157384384144180911
.08381789087751965330
.08169870951156295018
.09753034617335249775
.08874442613423605375
.09373331853905616602
.08217092488757837863
.08496487773480015131
.08735889179763263131
.08810259183572632192
.08347714819774173807
.08194707848658177553
.08209342144375505895
.08705087259626127626
.08574060671216687511
.08756102049418471734
.08499318465666530909
