.07456545047272727273
.07235436450909090910
.07053309672727272728
.07268636858181818182
.06815076072727272728
.06957606632727272728
.07184019083636363637
.07236753221818181819
.07498067316363636364
.07595350109090909091
.07454131200000000000
.07518250821818181819
.07201577890909090910
.09504488727272727273
.07938082909090909091
.07660220974545454546
.07433891840000000000
.07456472436363636364
.07422912232727272728
.07829280116363636364
.07951214778181818182
.07697926981818181819
.07340792087272727273
.08194748043636363637
.07295790080000000000
.07192157556363636364
.07481045178181818182
.06873998894545454546
.07223925294545454546
.06787429469090909091
.07728531549090909091
.07435701061818181819
.08681954676363636364
.07506380334545454546
.07400967447272727273
.07905486661818181819
.07271272727272727273
.07270335767272727273
.07439521512727272728
.06854461440000000000
.07399539898181818182
.07709157469090909091
.07114828800000000000
.07233601163636363637
.07180361076363636364
.07281490385454545455
.07093031563636363637
.07934161454545454546
.07249879970909090910
.06967336960000000000
.07900399243636363637
.07337719156363636364
.07875010094545454546
.07442833687272727273
.07241844829090909091
.07833700538181818182
.07209037265454545455
.07617481541818181819
.07505087301818181819
.07129310021818181819
.07806377425454545455
.07575226647272727273
.07758922007272727273
.07097406836363636364
.08093499112727272728
.08428570065454545455
.07495324392727272728
.07589368552727272728
.07413705541818181819
.07449052160000000000
.08210372421818181819
.07305614429090909091
.07031683258181818182
.07270253381818181819
