.16216041944615384616
.16294852529230769231
.17037978387692307693
.16150220406153846154
.15462059323076923077
.15998328123076923077
.15938469021538461539
.16235508578461538462
.15817562978461538462
.16262327138461538462
.16207239876923076924
.15880514166153846154
.16274979446153846154
.16517904541538461539
.16586572012307692308
.16159752270769230770
.16642028307692307693
.16056755200000000000
.16283508972307692308
.16215446055384615385
.16607276504615384616
.16036037710769230770
.16326247975384615385
.16375500800000000000
.16354193329230769231
.15784928886153846154
.16201473969230769231
.16124407729230769231
.15804272246153846154
.15691038720000000000
.17119426166153846154
.16073364480000000000
.16386236652307692308
.16016877095384615385
.15863647310769230770
.16305537181538461539
.15765576073846153847
.15977376689230769231
.15681033058461538462
.15989957316923076924
.16412148578461538462
.16024562609230769231
.16163227963076923077
