.07184793088000000000
.07022212608000000000
.06708246528000000000
.06841285120000000000
.06811734016000000000
.06669869056000000000
.07189184512000000000
.06972992000000000000
.07118982656000000000
.07758508544000000000
.07529994240000000000
.07025446400000000000
.07089090560000000000
.07732723200000000000
.07485559808000000000
.06975250432000000000
.07199999488000000000
.07090775552000000000
.07192081920000000000
.07437644800000000000
.07489838080000000000
.07372314624000000000
.07218722304000000000
.07615443968000000000
.07123516416000000000
.07338510336000000000
.07093533184000000000
.06773653504000000000
.06947993088000000000
.07087908864000000000
.07486725632000000000
.07156530688000000000
