.08784991573333333334
.08374792533333333334
.08616444160000000000
.08985010773333333334
.07807266986666666667
.08658667946666666667
.08423358293333333334
.08883991466666666667
.08843651413333333334
.09390222933333333334
.09260044373333333334
.08474279680000000000
.08754742186666666667
.09327194880000000000
.09327354880000000000
.08718257066666666667
.09242683306666666667
.08528460800000000000
.08984426240000000000
.09123447466666666667
.09492869973333333334
.08917198933333333334
.08990388906666666667
.09209809920000000000
.08757775786666666667
.08995511040000000000
.08710974293333333334
.08913467733333333334
.08090121386666666667
.08574286933333333334
.09088666026666666667
.08849017173333333334
.09216677120000000000
.08623877973333333334
.08204503040000000000
.09136843520000000000
.08478045440000000000
.08273402453333333334
.08502999466666666667
.08577405866666666667
.08545127680000000000
.08200460373333333334
.08860712960000000000
.08878201600000000000
.08805250133333333334
.08764954453333333334
.08241617920000000000
.08916833706666666667
.08489321813333333334
.08326409813333333334
.08587927040000000000
.08700798720000000000
