.21889376182857142858
.22009160777142857143
.21762234514285714286
.21761525394285714286
.21509122925714285715
.21797212891428571429
.22009053622857142858
.22133451702857142858
.22341564708571428572
.22270507520000000000
.21820953234285714286
.22094595291428571429
.21586507702857142858
.22077418788571428572
.22333664182857142858
.21985403245714285715
.23414989897142857143
.21940101120000000000
.22096609645714285715
.22020857417142857143
.22077937005714285715
.22198022582857142858
.21952983040000000000
.22308501211428571429
.22095656960000000000
.21809757622857142858
.22288119222857142858
.21832497371428571429
.22237717211428571429
.21947161965714285715
.22259705051428571429
.22213057828571428572
.21963714560000000000
.22184874057142857143
.21584236617142857143
.22479248091428571429
.21539864502857142858
.21678522880000000000
.21589852160000000000
.21974352091428571429
.21778642285714285715
.21838190445714285715
