.05420441600000000000
.04774246400000000000
.05729996800000000000
.05073960960000000000
.05569300480000000000
.05364254720000000000
.05159127040000000000
.05253099520000000000
.05270415360000000000
.05926440960000000000
.05134981120000000000
.05292810240000000000
.06043299840000000000
.05924976640000000000
.05722562560000000000
.05324963840000000000
.05884840960000000000
.05473190400000000000
.05496299520000000000
.05429166080000000000
.05803294720000000000
.05501818880000000000
.05577717760000000000
.05977466880000000000
.05222707200000000000
.05139824640000000000
.05330698240000000000
.05723187200000000000
.05055641600000000000
.05104939520000000000
.04911452160000000000
.05493821440000000000
.05094103040000000000
.05151528960000000000
.05548513280000000000
.05594419200000000000
.05274552320000000000
.05764259840000000000
.05383925760000000000
.05729300480000000000
.05173800960000000000
.05539430400000000000
.04631336960000000000
.05263380480000000000
.04995952640000000000
.05277593600000000000
.05990389760000000000
.05361264640000000000
.05346918400000000000
.04911155200000000000
.05182115840000000000
.05000842240000000000
.05392097280000000000
.04579676160000000000
.04964277760000000000
.05022136320000000000
.05663703040000000000
.05352005120000000000
.05460510720000000000
.05822484480000000000
.05143820800000000000
.04966615040000000000
.05265428480000000000
.05545984000000000000
.05279098880000000000
.05258997760000000000
.05530460160000000000
.05432770560000000000
.05428295680000000000
.04904243200000000000
.04946961920000000000
.05582643200000000000
.05356093440000000000
.05471726080000000000
.05138014720000000000
.05769431040000000000
.05165905920000000000
.05275719680000000000
.05588019200000000000
.05399224320000000000
.05465198080000000000
.05546549760000000000
.05739550720000000000
.05598371840000000000
.05533501440000000000
.05573127680000000000
.05231534080000000000
.05670686720000000000
.05189048320000000000
.05246279680000000000
.06013276160000000000
.05577584640000000000
.05470382080000000000
.05368637440000000000
.05764331520000000000
.05331494400000000000
.05557012480000000000
.04939412480000000000
.04999536640000000000
.05498337280000000000
.04973424640000000000
.05707438080000000000
.05726126080000000000
.05226237440000000000
.05441546240000000000
.05619343360000000000
.05210839040000000000
.05164472320000000000
.05096373760000000000
.05276313600000000000
.05107865600000000000
.05858516480000000000
.05450465280000000000
.05653985280000000000
.05604369920000000000
.05609574400000000000
.06220523520000000000
.05331066880000000000
.05077900800000000000
.05386629120000000000
.05446645760000000000
.05534021120000000000
.05229578240000000000
.05471546880000000000
.05314652160000000000
.05208371200000000000
.05575902720000000000
.05480785920000000000
.05231247360000000000
.05298329600000000000
.05523430400000000000
.05647421440000000000
.05201602560000000000
.05204531200000000000
.05281525760000000000
.05339555840000000000
.05626086400000000000
.05274700800000000000
.05647851520000000000
.05576611840000000000
.05502924800000000000
.05779548160000000000
.05992355840000000000
.05139025920000000000
.05489735680000000000
.05097840640000000000
.05232199680000000000
.05442703360000000000
.05255700480000000000
.05355514880000000000
.05311662080000000000
