.05322683733333333334
.05532207786666666667
.04896918186666666667
.05814565546666666667
.05564600320000000000
.05628313600000000000
.05117160106666666667
.05511318186666666667
.05372846080000000000
.05671922346666666667
.05998987946666666667
.05269582506666666667
.04934553600000000000
.05174113280000000000
.05764654080000000000
.05580794880000000000
.05335620266666666667
.05901617493333333334
.05965646506666666667
.05553165653333333334
.05542816426666666667
.05952194560000000000
.05989676373333333334
.05891655680000000000
.05936885760000000000
.05094993920000000000
.05217104213333333334
.05102960640000000000
.05490264746666666667
.05098386773333333334
.05413244586666666667
.05480930986666666667
.05577236480000000000
.05076063573333333334
.05264358400000000000
.05507194880000000000
.04977536000000000000
.05110135466666666667
.05132322133333333334
.05366481920000000000
