.05194379264000000000
.05196595200000000000
.05010210816000000000
.05494755328000000000
.05625229312000000000
.05679390720000000000
.05175664640000000000
.05502653440000000000
.05447221248000000000
.05602267136000000000
.05586104320000000000
.05100696576000000000
.05052272640000000000
.05781897216000000000
.05893572608000000000
.05142439936000000000
.05610913792000000000
.05880848384000000000
.05703910400000000000
.05297799168000000000
.05669712896000000000
.05475696640000000000
.05803814912000000000
.06097596416000000000
.05406281728000000000
.05533717504000000000
.05075987456000000000
.05534650368000000000
.05409800192000000000
.04917886976000000000
.05508515840000000000
.05247323136000000000
.06180308992000000000
.05256224768000000000
.04801143808000000000
.05539536896000000000
.05177928704000000000
.05492510720000000000
.04883468288000000000
.06603000832000000000
.05500887040000000000
.05605400576000000000
.05414580224000000000
.05154463744000000000
.05686169600000000000
.05331603456000000000
.05098635264000000000
