.05263595520000000000
.05378990933333333334
.04848896000000000000
.05325199360000000000
.04911498240000000000
.05593964373333333334
.04837047466666666667
.04866074453333333334
.05760705706666666667
.05216378880000000000
.05141597013333333334
.05187489280000000000
.05252041386666666667
.05857664000000000000
.05867117226666666667
.05087604906666666667
.05291571200000000000
.05932485973333333334
.06125308586666666667
.05643793920000000000
.05882641066666666667
.05474545493333333334
.05545464320000000000
.05452117333333333334
.05476413440000000000
.05319882240000000000
.05085661866666666667
.05038619306666666667
.05585958400000000000
.04793499306666666667
.05243678720000000000
.04559581866666666667
.05880019626666666667
.05353623040000000000
.05243146240000000000
.05406303573333333334
.05122488320000000000
.05000637440000000000
.05087692800000000000
.05636986880000000000
.05299844266666666667
.05693130240000000000
.05552229546666666667
.05249076906666666667
.05731846826666666667
.05229588480000000000
