.05220591908571428572
.06598044525714285715
.04888756662857142858
.05190524342857142858
.04929498697142857143
.05280433005714285715
.05394206720000000000
.05392161645714285715
.05720305371428571429
.05435081874285714286
.05792405211428571429
.05192925622857142858
.05580739291428571429
.05864211017142857143
.05910194468571428572
.05474573165714285715
.05548608365714285715
.06014250422857142858
.05620259840000000000
.05457841737142857143
.05924815725714285715
.05224023771428571429
.05513017051428571429
.05825969005714285715
.05332933485714285715
.05415508845714285715
.05236660662857142858
.05521481142857142858
.05582269440000000000
.05048747885714285715
.05036113920000000000
.05198866285714285715
.05197288594285714286
.05354595474285714286
.05106023862857142858
.05104681691428571429
.05153851245714285715
.05547250834285714286
.04780865828571428572
.05231479222857142858
.05474380068571428572
.05413855085714285715
.05625888182857142858
.04792216868571428572
.05330171611428571429
.05212392594285714286
