.06662405688888888889
.06727573048888888889
.06755655680000000000
.06941870080000000000
.06318395733333333334
.06121910613333333334
.06775047395555555556
.06746161493333333334
.06854983111111111112
.06823155484444444445
.07047401813333333334
.06760008817777777778
.06442425457777777778
.07028878791111111112
.07078444942222222223
.06999135573333333334
.06786202168888888889
.06543196160000000000
.07289560177777777778
.07030968320000000000
.07296773120000000000
.06774700373333333334
.07057596302222222223
.07084760177777777778
.06966221937777777778
.06633783751111111112
.07186256782222222223
.07196235662222222223
.06550045582222222223
.06808854186666666667
